Network 	 $\epsilon_{\ccdf}$  	  $\epsilon_{\knn}$ 	 $\epsilon_{\cco}$ 
394621 	 0.2980 	 0.3225 	 0.3165 
394622 	 0.7910 	 0.4730 	 0.4702 
394623 	 0.6378 	 0.4042 	 0.3769 
394624 	 0.4177 	 0.3366 	 0.2502 
394625 	 0.2521 	 0.3349 	 0.2422 
394626 	 0.2997 	 0.8610 	 0.2980 
394627 	 0.3949 	 0.5657 	 0.3674 
394628 	 0.5411 	 0.6624 	 0.3804 
394629 	 0.4553 	 0.5828 	 0.2925 
394630 	 0.3855 	 0.4279 	 0.3238 
394631 	 0.4202 	 0.4113 	 0.3217 
394632 	 0.5393 	 0.4705 	 0.4761 
394633 	 0.3490 	 0.5130 	 0.4518 
394634 	 0.1368 	 0.1720 	 0.1674 
394635 	 0.1459 	 0.2967 	 0.2580 
394636 	 0.1598 	 0.1664 	 0.1534 
394637 	 0.4553 	 0.5498 	 0.4117 
394638 	 0.4680 	 0.5062 	 0.4525 
394639 	 0.5080 	 0.3748 	 0.4112 
394640 	 0.4974 	 0.6053 	 0.5728 
394641 	 0.5877 	 0.6452 	 0.5520 
394642 	 0.5366 	 0.6449 	 0.5208 
394643 	 0.5667 	 0.6402 	 0.4164 
394644 	 0.7146 	 0.5029 	 0.5432 
394645 	 0.5779 	 0.4921 	 0.5249 
394646 	 0.5313 	 0.5051 	 0.5046 
394647 	 0.7475 	 0.5305 	 0.6251 
394648 	 0.7487 	 0.5241 	 0.6260 
394649 	 0.5564 	 0.4686 	 0.4449 
394650 	 0.4073 	 0.8311 	 0.4072 
394651 	 0.7111 	 0.5353 	 0.6081 
394652 	 0.7588 	 0.6230 	 0.7631 
394653 	 0.5485 	 2.0817 	 0.4777 
394654 	 0.4890 	 0.5987 	 0.4723 
394655 	 0.4365 	 0.4737 	 0.4095 
394656 	 0.3639 	 0.4395 	 0.4256 
394657 	 0.2231 	 0.2711 	 0.2853 
394658 	 0.2785 	 0.2883 	 0.3062 
394659 	 0.1883 	 0.1853 	 0.1551 
394660 	 0.0000 	 0.0000 	 0.0000 
394661 	 0.3730 	 0.4287 	 0.3967 
394662 	 0.4133 	 0.7007 	 0.4234 
394663 	 0.4585 	 0.8502 	 0.4172 
394664 	 0.2851 	 0.4552 	 0.2396 
394665 	 0.3863 	 0.5450 	 0.4466 
394666 	 0.4311 	 0.8453 	 0.3548 
394667 	 0.3857 	 0.4055 	 0.2308 
394668 	 0.3600 	 0.3855 	 0.3430 
394669 	 0.4893 	 0.3466 	 0.4022 
394670 	 0.2952 	 0.3487 	 0.2631 
394671 	 0.1982 	 0.3489 	 0.1296 
394672 	 0.4756 	 0.3833 	 0.2464 
394673 	 0.6432 	 0.4264 	 0.3964 
394674 	 0.4401 	 0.4358 	 0.2883 
394675 	 0.4299 	 0.5386 	 0.3976 
394676 	 0.5534 	 0.3957 	 0.4832 
394677 	 0.5874 	 0.3620 	 0.5786 
394678 	 0.4078 	 0.8913 	 0.3279 
394679 	 0.5067 	 0.5402 	 0.4542 
394680 	 0.4266 	 0.5066 	 0.5027 
394681 	 0.4100 	 0.4967 	 0.4832 
394682 	 0.0180 	 0.0003 	 0.0251 
394683 	 0.0000 	 0.0000 	 0.0000 
394684 	 0.0500 	 0.0500 	 0.0500 
394685 	 0.1063 	 0.1233 	 0.0966 
394686 	 0.3614 	 0.4377 	 0.5408 
394687 	 0.4586 	 0.4634 	 0.4507 
394688 	 0.5771 	 0.4202 	 0.4815 
394689 	 0.7345 	 0.4802 	 0.5192 
394690 	 0.3144 	 0.5619 	 0.2561 
394691 	 0.4892 	 0.4619 	 0.5114 
394692 	 0.4857 	 0.3969 	 0.4159 
394693 	 0.4028 	 0.3886 	 0.3548 
394694 	 0.4187 	 0.4818 	 0.2873 
394695 	 0.4844 	 0.6347 	 0.4061 
394696 	 0.3730 	 0.4076 	 0.3343 
394697 	 0.3404 	 0.4474 	 0.2885 
394698 	 0.5010 	 0.5916 	 0.4803 
394699 	 0.5066 	 0.4061 	 0.3956 
394700 	 0.5076 	 0.3644 	 0.4012 
394701 	 0.6588 	 0.4622 	 0.5286 
394702 	 0.4638 	 0.7552 	 0.3677 
394703 	 0.4884 	 0.5026 	 0.4649 
394704 	 0.4193 	 0.4246 	 0.5570 
394705 	 0.3659 	 0.4235 	 0.4032 
394706 	 0.2083 	 0.2645 	 0.2374 
394707 	 0.0500 	 0.0500 	 0.0500 
394708 	 0.1839 	 0.2467 	 0.2541 
394709 	 0.1217 	 0.1474 	 0.1449 
394710 	 0.0685 	 0.0701 	 0.0416 
394711 	 0.3712 	 0.5296 	 0.3979 
394712 	 0.3453 	 0.4442 	 0.2634 
394713 	 0.3992 	 0.5430 	 0.3608 
394714 	 0.4764 	 0.4267 	 0.3265 
394715 	 0.5940 	 0.5851 	 0.4632 
394716 	 0.5492 	 0.5844 	 0.5353 
394717 	 0.3453 	 0.3341 	 0.2082 
394718 	 0.3317 	 0.3042 	 0.1640 
394719 	 0.5577 	 0.3921 	 0.3775 
394720 	 0.1657 	 0.4330 	 0.1360 
394721 	 0.2676 	 0.2549 	 0.2488 
394722 	 0.3304 	 0.4055 	 0.1781 
394723 	 0.3424 	 0.3395 	 0.1923 
394724 	 0.2667 	 0.3221 	 0.2255 
394725 	 0.6886 	 0.3947 	 0.4877 
394726 	 0.6275 	 0.4525 	 0.6211 
394727 	 0.3500 	 0.2856 	 0.3376 
394728 	 0.4000 	 0.4152 	 0.4089 
394729 	 0.3237 	 0.3831 	 0.3353 
394730 	 0.2558 	 0.2506 	 0.2625 
394731 	 0.0184 	 0.0003 	 0.0250 
394732 	 0.0500 	 0.0500 	 0.0500 
394733 	 0.3991 	 0.4960 	 0.3850 
394734 	 0.6763 	 0.4816 	 0.4375 
394735 	 0.4221 	 0.5110 	 0.4518 
394736 	 0.3779 	 0.3770 	 0.4056 
394737 	 0.4351 	 0.6340 	 0.4037 
394738 	 0.4356 	 0.4703 	 0.3321 
394739 	 0.3630 	 0.3818 	 0.2806 
394740 	 0.4621 	 0.4657 	 0.3602 
394741 	 0.5509 	 0.6166 	 0.4594 
394742 	 0.4858 	 0.4074 	 0.5249 
394743 	 0.5775 	 0.5414 	 0.5427 
394744 	 0.3687 	 0.3890 	 0.3133 
394745 	 0.2980 	 0.4600 	 0.2462 
394746 	 0.3392 	 0.4442 	 0.3162 
394747 	 0.5339 	 0.3408 	 0.4495 
394748 	 0.4865 	 0.3690 	 0.4238 
394749 	 0.4565 	 0.4769 	 0.4535 
394750 	 0.5338 	 0.3987 	 0.4850 
394751 	 0.4882 	 0.5641 	 0.5799 
394752 	 0.4215 	 0.5649 	 0.5191 
394753 	 0.0500 	 0.0500 	 0.0250 
394757 	 0.2836 	 0.2996 	 0.2375 
394758 	 0.4814 	 0.4400 	 0.4307 
394759 	 0.3706 	 0.3699 	 0.3795 
394760 	 0.1663 	 0.1922 	 0.1623 
394761 	 0.3730 	 0.4171 	 0.3220 
394762 	 0.4049 	 0.4736 	 0.5174 
394763 	 0.1386 	 0.1740 	 0.1445 
394764 	 0.3091 	 0.4814 	 0.3282 
394765 	 0.2601 	 0.3443 	 0.2400 
394766 	 0.3940 	 0.4175 	 0.5092 
394767 	 0.4691 	 0.4784 	 0.4766 
394768 	 0.4271 	 0.4565 	 0.3912 
394769 	 0.5393 	 0.4983 	 0.3851 
394770 	 0.5445 	 0.5211 	 0.4273 
394771 	 0.5570 	 0.4357 	 0.7103 
394772 	 0.4923 	 0.3941 	 0.5603 
394773 	 0.5975 	 0.4968 	 0.5449 
394774 	 0.4958 	 0.5612 	 0.5627 
394775 	 0.2044 	 0.2888 	 0.2609 
394776 	 0.0500 	 0.0500 	 0.0500 
394778 	 0.0000 	 0.0000 	 0.0000 
394779 	 0.0000 	 0.0000 	 0.0000 
394780 	 0.1430 	 0.2056 	 0.1929 
394781 	 0.3871 	 0.3761 	 0.3954 
394782 	 0.4327 	 0.4797 	 0.4636 
394783 	 0.4061 	 0.5227 	 0.4371 
394784 	 0.6550 	 0.7245 	 0.4801 
394785 	 0.3519 	 0.4836 	 0.3372 
394786 	 0.3458 	 0.4026 	 0.3799 
394787 	 0.2677 	 0.5307 	 0.5861 
394788 	 0.4821 	 0.5309 	 0.4150 
394789 	 0.3724 	 0.3766 	 0.3137 
394790 	 0.4175 	 0.4275 	 0.5796 
394791 	 0.4011 	 0.4217 	 0.3616 
394792 	 0.5148 	 0.4685 	 0.4017 
394793 	 0.6962 	 0.4509 	 0.6309 
394794 	 0.4731 	 0.3687 	 0.5447 
394795 	 0.4270 	 0.3580 	 0.3897 
394796 	 0.5645 	 0.4389 	 0.4468 
394797 	 0.4925 	 0.3839 	 0.3601 
394798 	 0.3650 	 0.4353 	 0.5591 
394799 	 0.0681 	 0.1149 	 0.0973 
394800 	 0.0500 	 0.0500 	 0.0500 
394801 	 0.0000 	 0.0000 	 0.0000 
394802 	 0.0000 	 0.0000 	 0.0000 
394803 	 0.0000 	 0.0000 	 0.0000 
394804 	 0.0000 	 0.0000 	 0.0000 
394805 	 0.0500 	 0.0500 	 0.0500 
394806 	 0.3909 	 0.5022 	 0.6360 
394807 	 0.2853 	 0.3265 	 0.2864 
394808 	 0.1175 	 0.1691 	 0.1499 
394809 	 0.1267 	 0.1250 	 0.1255 
394810 	 0.0500 	 0.0500 	 0.0000 
394811 	 0.1667 	 0.1914 	 0.2005 
394812 	 0.3061 	 0.3393 	 0.3051 
394813 	 0.3636 	 0.4288 	 0.4830 
