0 1
0 2
1 2
2 4
2 5
2 6
2 7
2 8
2 9
2 10
2 11
2 12
2 44
2 190
2 15
2 3
2 16
2 18
2 59
2 30
2 31
2 32
2 47
2 35
2 36
2 37
2 38
2 39
2 40
2 45
2 49
2 50
2 52
2 57
2 70
2 58
2 151
2 86
2 137
2 17
2 54
2 71
2 72
2 33
2 88
2 112
2 134
2 135
2 79
2 77
2 78
2 83
2 84
2 91
2 93
2 94
2 81
2 95
2 97
2 41
2 98
2 99
2 100
2 101
2 90
2 107
2 102
2 104
2 105
2 110
2 118
2 156
2 120
2 128
2 92
2 178
2 53
2 126
2 132
2 133
2 139
2 163
2 136
2 141
2 144
2 179
2 180
2 127
2 172
2 173
2 183
2 184
2 185
2 42
2 143
2 162
2 166
2 167
2 168
2 174
2 235
2 248
2 182
2 13
2 186
2 192
2 243
2 199
2 200
2 201
2 202
2 222
2 211
2 212
2 225
2 226
2 227
2 232
2 188
2 238
2 152
2 231
2 239
2 240
2 242
2 244
2 245
3 13
3 16
3 17
3 119
3 34
3 36
3 41
3 42
3 109
3 14
3 43
3 44
3 60
3 51
3 46
3 47
3 48
3 49
3 50
3 52
3 53
3 57
3 70
3 69
3 4
3 54
3 75
3 82
3 88
3 112
3 134
3 135
3 76
3 77
3 78
3 79
3 89
3 247
3 91
3 97
3 39
3 98
3 99
3 100
3 143
3 103
3 90
3 106
3 108
3 118
3 156
3 115
3 117
3 92
3 126
3 110
3 127
3 113
3 114
3 132
3 133
3 93
3 139
3 163
3 59
3 166
3 86
3 137
3 138
3 140
3 141
3 35
3 144
3 179
3 180
3 19
3 20
3 21
3 22
3 23
3 24
3 25
3 26
3 27
3 28
3 61
3 62
3 63
3 64
3 65
3 66
3 67
3 68
3 145
3 146
3 147
3 148
3 149
3 150
3 153
3 81
3 154
3 157
3 159
3 160
3 161
3 169
3 174
3 235
3 248
3 96
3 175
3 176
3 94
3 177
3 181
3 182
3 172
3 173
3 183
3 184
3 185
3 186
3 187
3 188
3 33
3 18
3 73
3 189
3 192
3 196
3 197
3 198
3 199
3 200
3 201
3 202
3 205
3 209
3 223
3 224
3 225
3 226
3 227
3 228
3 229
3 230
3 231
3 232
3 233
3 87
3 236
3 238
3 152
3 244
3 9
3 245
3 15
4 19
4 20
4 21
4 22
4 23
4 24
4 25
4 26
4 27
4 28
4 61
4 62
4 63
4 64
4 65
4 66
4 67
4 68
4 145
4 146
4 147
4 148
4 149
4 150
4 153
4 81
4 154
4 69
4 93
4 94
4 95
4 217
4 218
4 219
4 220
4 35
4 221
4 211
4 212
6 7
6 8
6 9
6 10
6 11
6 12
6 44
6 190
7 8
7 9
7 10
7 11
7 12
7 44
7 190
8 9
8 10
8 11
8 12
8 44
8 190
9 10
9 11
9 12
9 44
9 190
9 81
9 244
9 245
10 11
10 12
10 44
10 190
11 12
11 44
11 190
12 44
12 190
13 44
13 186
14 43
14 44
16 44
16 81
16 201
17 54
17 47
17 172
17 93
17 173
17 183
17 184
17 185
17 36
17 91
17 121
17 97
17 123
17 124
17 88
17 112
17 134
17 135
17 241
18 59
18 188
18 33
18 133
19 20
19 21
19 22
19 23
19 24
19 25
19 26
19 27
19 28
19 61
19 62
19 63
19 64
19 65
19 66
19 67
19 68
19 145
19 146
19 147
19 148
19 149
19 150
19 153
19 81
19 154
20 21
20 22
20 23
20 24
20 25
20 26
20 27
20 28
20 61
20 62
20 63
20 64
20 65
20 66
20 67
20 68
20 145
20 146
20 147
20 148
20 149
20 150
20 153
20 81
20 154
21 22
21 23
21 24
21 25
21 26
21 27
21 28
21 61
21 62
21 63
21 64
21 65
21 66
21 67
21 68
21 145
21 146
21 147
21 148
21 149
21 150
21 153
21 81
21 154
22 23
22 24
22 25
22 26
22 27
22 28
22 61
22 62
22 63
22 64
22 65
22 66
22 67
22 68
22 145
22 146
22 147
22 148
22 149
22 150
22 153
22 81
22 154
23 24
23 25
23 26
23 27
23 28
23 61
23 62
23 63
23 64
23 65
23 66
23 67
23 68
23 145
23 146
23 147
23 148
23 149
23 150
23 153
23 81
23 154
24 25
24 26
24 27
24 28
24 61
24 62
24 63
24 64
24 65
24 66
24 67
24 68
24 145
24 146
24 147
24 148
24 149
24 150
24 153
24 81
24 154
25 26
25 27
25 28
25 61
25 62
25 63
25 64
25 65
25 66
25 67
25 68
25 145
25 146
25 147
25 148
25 149
25 150
25 153
25 81
25 154
26 27
26 28
26 61
26 62
26 63
26 64
26 65
26 66
26 67
26 68
26 145
26 146
26 147
26 148
26 149
26 150
26 153
26 81
26 154
27 28
27 61
27 62
27 63
27 64
27 65
27 66
27 67
27 68
27 145
27 146
27 147
27 148
27 149
27 150
27 153
27 81
27 154
28 61
28 62
28 63
28 64
28 65
28 66
28 67
28 68
28 145
28 146
28 147
28 148
28 149
28 150
28 153
28 81
28 154
29 85
29 86
29 47
29 39
30 31
30 32
31 32
33 47
33 188
33 133
35 141
35 144
35 179
35 180
35 127
35 193
35 194
35 195
35 211
35 212
35 217
35 218
35 219
35 220
35 221
35 87
35 236
35 246
36 88
36 112
36 134
36 135
36 223
36 199
36 224
36 172
36 93
36 173
36 183
36 184
36 185
37 38
37 39
37 40
38 39
38 40
39 40
39 80
39 81
39 97
39 47
40 152
41 42
41 109
41 51
41 98
41 47
41 75
41 53
42 109
42 143
42 47
43 44
44 125
44 49
44 50
44 55
44 56
44 77
44 78
44 111
44 122
44 186
44 190
44 47
44 202
47 48
47 54
47 91
47 191
47 99
47 100
47 155
47 132
47 133
47 93
47 139
47 163
47 50
47 97
47 126
47 213
47 214
47 215
47 216
47 73
47 189
47 202
47 204
47 231
49 50
50 133
51 60
51 170
51 171
51 97
51 197
51 203
53 126
53 178
55 56
57 70
58 151
59 158
59 237
61 62
61 63
61 64
61 65
61 66
61 67
61 68
61 145
61 146
61 147
61 148
61 149
61 150
61 153
61 81
61 154
62 63
62 64
62 65
62 66
62 67
62 68
62 145
62 146
62 147
62 148
62 149
62 150
62 153
62 81
62 154
63 64
63 65
63 66
63 67
63 68
63 145
63 146
63 147
63 148
63 149
63 150
63 153
63 81
63 154
64 65
64 66
64 67
64 68
64 145
64 146
64 147
64 148
64 149
64 150
64 153
64 81
64 154
65 66
65 67
65 68
65 145
65 146
65 147
65 148
65 149
65 150
65 153
65 81
65 154
66 67
66 68
66 145
66 146
66 147
66 148
66 149
66 150
66 153
66 81
66 154
67 68
67 145
67 146
67 147
67 148
67 149
67 150
67 153
67 81
67 154
68 145
68 146
68 147
68 148
68 149
68 150
68 153
68 81
68 154
71 72
73 74
73 189
75 82
75 142
77 78
80 81
81 93
81 94
81 95
81 145
81 146
81 147
81 148
81 149
81 150
81 153
81 154
81 201
81 209
81 244
81 245
85 86
86 137
87 236
88 112
88 134
88 135
89 96
89 175
90 101
90 107
90 116
90 129
90 130
90 131
91 206
91 207
91 208
93 94
93 95
93 102
93 132
93 133
93 139
93 163
93 172
93 173
93 183
93 184
93 185
94 95
94 102
94 177
96 175
97 121
97 197
99 100
101 107
104 105
112 134
112 135
113 114
114 169
118 156
120 128
123 124
126 164
126 165
126 210
126 213
126 214
126 215
126 216
127 144
127 179
127 180
127 239
127 240
127 242
129 130
129 131
130 131
132 133
132 139
132 163
133 139
133 163
133 166
133 188
134 135
139 163
144 179
144 180
145 146
145 147
145 148
145 149
145 150
145 153
145 154
146 147
146 148
146 149
146 150
146 153
146 154
147 148
147 149
147 150
147 153
147 154
148 149
148 150
148 153
148 154
149 150
149 153
149 154
150 153
150 154
152 238
152 188
153 154
159 160
159 161
160 161
164 165
164 210
165 210
167 168
170 171
172 173
172 183
172 184
172 185
173 183
173 184
173 185
174 235
174 248
179 180
183 184
183 185
184 185
188 234
188 238
193 194
193 195
194 195
199 200
199 223
199 224
206 207
206 208
207 208
211 212
213 214
213 215
213 216
214 215
214 216
215 216
217 218
217 219
217 220
217 221
218 219
218 220
218 221
219 220
219 221
220 221
223 224
225 226
225 227
226 227
229 230
235 248
239 240
239 242
240 242
244 245
