0 1
0 641
0 471
0 14
0 5
0 6
0 7
0 8
0 9
0 3
0 171
0 596
0 16
0 36
0 78
0 12
0 124
0 279
0 280
0 2
0 84
0 102
0 120
0 172
0 186
0 258
0 259
0 301
0 21
0 22
0 23
0 24
0 25
0 26
0 27
0 28
0 29
0 30
0 31
0 205
0 39
0 51
0 52
0 53
0 54
0 55
0 40
0 42
0 32
0 44
0 63
0 45
0 48
0 403
0 401
0 59
0 60
0 61
0 37
0 64
0 285
0 67
0 34
0 35
0 56
0 68
0 33
0 69
0 70
0 208
0 477
0 71
0 72
0 73
0 74
0 378
0 38
0 79
0 80
0 82
0 99
0 87
0 101
0 83
0 129
0 88
0 81
0 92
0 95
0 96
0 97
0 98
0 591
0 467
0 103
0 104
0 105
0 106
0 20
0 65
0 121
0 227
0 536
0 11
0 337
0 338
0 255
0 128
0 122
0 287
0 130
0 151
0 197
0 198
0 307
0 145
0 291
0 290
0 147
0 148
0 150
0 153
0 154
0 476
0 157
0 158
0 159
0 168
0 169
0 406
0 170
0 19
0 173
0 309
0 183
0 184
0 185
0 234
0 187
0 133
0 136
0 188
0 362
0 432
0 352
0 46
0 47
0 189
0 195
0 196
0 265
0 266
0 199
0 202
0 203
0 206
0 370
0 371
0 210
0 211
0 248
0 722
0 723
0 724
0 212
0 201
0 298
0 299
0 126
0 229
0 230
0 232
0 233
0 243
0 244
0 245
0 254
0 256
0 257
0 260
0 261
0 262
0 263
0 264
0 562
0 268
0 302
0 355
0 356
0 269
0 270
0 271
0 274
0 275
0 272
0 167
0 278
0 204
0 424
0 683
0 283
0 284
0 293
0 294
0 295
0 297
0 312
0 193
0 15
0 363
0 364
0 379
0 336
0 618
0 218
0 217
0 716
0 308
0 315
0 322
0 323
0 324
0 10
0 325
0 372
0 132
0 353
0 327
0 366
0 440
0 441
0 442
0 331
0 332
0 339
0 340
0 346
0 347
0 348
0 582
0 354
0 357
0 581
0 13
0 685
0 717
0 160
0 161
0 162
0 163
0 164
0 165
0 213
0 214
0 215
0 216
0 236
0 237
0 238
0 239
0 240
0 241
0 242
0 367
0 368
0 369
0 710
0 711
0 712
0 373
0 374
0 375
0 376
0 377
0 391
0 380
0 381
0 383
0 384
0 665
0 666
0 385
0 387
0 388
0 389
0 390
0 394
0 397
0 398
0 399
0 578
0 400
0 4
0 481
0 638
0 409
0 412
0 669
0 416
0 417
0 418
0 420
0 267
0 421
0 422
0 614
0 615
0 616
0 365
0 425
0 426
0 427
0 85
0 428
0 429
0 430
0 433
0 434
0 435
0 436
0 438
0 439
0 443
0 444
0 449
0 450
0 451
0 452
0 453
0 454
0 631
0 461
0 462
0 566
0 359
0 465
0 466
0 470
0 548
0 475
0 482
0 358
0 483
0 484
0 609
0 494
0 495
0 496
0 497
0 498
0 500
0 501
0 62
0 89
0 503
0 246
0 535
0 505
0 506
0 507
0 516
0 190
0 517
0 508
0 647
0 518
0 43
0 523
0 637
0 407
0 524
0 526
0 527
0 531
0 563
0 564
0 532
0 533
0 534
0 537
0 538
0 539
0 540
0 554
0 600
0 601
0 602
0 541
0 222
0 556
0 542
0 547
0 125
0 555
0 350
0 249
0 431
0 702
0 561
0 479
0 603
0 565
0 504
0 583
0 573
0 410
0 575
0 576
0 577
0 579
0 580
0 478
0 571
0 572
0 304
0 77
0 585
0 586
0 560
0 200
0 558
0 559
0 592
0 599
0 604
0 288
0 610
0 326
0 611
0 612
0 613
0 617
0 386
0 619
0 620
0 621
0 598
0 622
0 623
0 522
0 705
0 706
0 628
0 219
0 224
0 629
0 703
0 630
0 674
0 632
0 633
0 704
0 639
0 485
0 361
0 408
0 642
0 661
0 644
0 645
0 646
0 648
0 671
0 660
0 668
0 675
0 676
0 677
0 679
0 57
0 688
0 692
0 693
0 694
0 606
0 667
0 699
0 701
0 707
0 414
0 709
0 714
0 715
0 593
0 142
0 718
0 719
0 725
0 726
0 727
0 728
0 729
0 730
0 731
0 732
0 733
0 734
0 735
0 737
0 659
1 2
1 3
1 15
1 84
1 102
1 120
1 172
1 186
1 258
1 259
1 37
1 313
1 25
1 26
1 27
1 28
1 44
1 12
1 30
1 63
1 574
1 193
1 29
1 16
1 33
1 69
1 5
1 70
1 208
1 477
1 81
1 288
1 289
1 303
1 304
1 305
1 77
1 643
1 88
1 32
1 38
1 196
1 265
1 266
1 91
1 56
1 99
1 100
1 101
1 65
1 121
1 227
1 536
1 11
1 337
1 338
1 71
1 255
1 128
1 103
1 104
1 105
1 106
1 43
1 107
1 20
1 97
1 118
1 119
1 123
1 124
1 125
1 528
1 451
1 217
1 685
1 717
1 290
1 147
1 148
1 150
1 131
1 45
1 117
1 19
1 192
1 169
1 406
1 306
1 10
1 199
1 224
1 207
1 212
1 201
1 127
1 595
1 218
1 8
1 229
1 253
1 570
1 256
1 261
1 271
1 272
1 129
1 204
1 424
1 683
1 281
1 373
1 517
1 649
1 312
1 211
1 41
1 311
1 315
1 324
1 331
1 307
1 509
1 510
1 511
1 512
1 345
1 322
1 323
1 359
1 53
1 143
1 144
1 122
1 367
1 381
1 6
1 24
1 401
1 391
1 394
1 328
1 329
1 395
1 412
1 669
1 420
1 153
1 428
1 202
1 73
1 74
1 433
1 434
1 264
1 437
1 499
1 438
1 336
1 36
1 454
1 471
1 13
1 658
1 297
1 278
1 358
1 483
1 484
1 485
1 361
1 136
1 408
1 609
1 382
1 493
1 314
1 507
1 364
1 225
1 514
1 518
1 157
1 563
1 564
1 435
1 627
1 168
1 206
1 370
1 371
1 350
1 504
1 560
1 603
1 171
1 596
1 416
1 417
1 418
1 7
1 557
1 567
1 636
1 21
1 582
1 42
1 508
1 647
1 273
1 498
1 234
1 604
1 146
1 672
1 673
1 530
1 605
1 35
1 626
1 522
1 219
1 396
1 554
1 568
1 263
1 562
1 639
1 640
1 641
1 9
1 618
1 630
1 674
1 661
1 606
1 667
1 430
1 67
1 675
1 676
1 425
1 677
1 362
1 680
1 57
1 681
1 332
1 684
1 330
1 687
1 479
1 209
1 699
1 257
1 388
1 302
1 463
1 464
1 708
1 166
1 735
1 737
2 3
2 84
2 102
2 120
2 172
2 186
2 258
2 259
2 12
2 13
2 37
2 64
2 40
2 285
2 301
2 16
2 97
2 513
2 386
2 38
2 129
2 8
2 69
2 619
2 229
2 324
2 10
2 106
2 29
2 15
2 358
2 56
2 483
2 484
2 492
2 518
2 504
2 587
2 588
2 589
2 498
2 32
2 532
2 533
2 534
2 535
2 536
2 537
2 538
2 539
2 540
2 554
2 600
2 601
2 602
2 201
2 234
2 193
2 35
2 65
2 121
2 227
2 11
2 337
2 338
2 71
2 255
2 128
2 81
2 640
2 43
2 658
2 297
2 680
2 57
2 36
2 630
2 674
2 288
3 16
3 168
3 40
3 193
3 29
3 37
3 42
3 32
3 56
3 57
3 58
3 64
3 285
3 301
3 82
3 286
3 90
3 99
3 100
3 101
3 65
3 121
3 38
3 227
3 536
3 11
3 337
3 338
3 71
3 255
3 128
3 123
3 12
3 124
3 30
3 125
3 528
3 451
3 63
3 36
3 155
3 156
3 183
3 184
3 185
3 78
3 310
3 203
3 97
3 209
3 20
3 223
3 228
3 267
3 421
3 422
3 614
3 615
3 616
3 229
3 212
3 292
3 386
3 129
3 8
3 69
3 619
3 330
3 687
3 201
3 347
3 525
3 15
3 363
3 364
3 379
3 290
3 336
3 618
3 150
3 5
3 6
3 21
3 81
3 288
3 289
3 303
3 304
3 305
3 77
3 643
3 217
3 685
3 717
3 24
3 328
3 329
3 395
3 397
3 398
3 402
3 362
3 272
3 264
3 225
3 514
3 153
3 428
3 171
3 596
3 43
3 455
3 456
3 460
3 106
3 473
3 234
3 478
3 479
3 198
3 480
3 4
3 10
3 481
3 638
3 482
3 492
3 498
3 314
3 554
3 84
3 702
3 471
3 603
3 462
3 566
3 406
3 571
3 572
3 136
3 154
3 584
3 35
3 53
3 532
3 533
3 534
3 535
3 537
3 538
3 539
3 540
3 600
3 601
3 602
3 219
3 231
3 218
3 122
3 543
3 544
3 545
3 546
3 207
3 703
3 523
3 637
3 644
3 645
3 646
3 650
3 67
3 670
3 678
3 680
3 166
4 10
4 81
4 481
4 638
5 6
5 7
5 33
5 69
5 70
5 208
5 477
5 257
5 388
5 15
5 363
5 364
5 30
5 379
5 37
5 290
5 336
5 618
5 36
5 150
5 56
5 21
5 32
6 7
6 81
6 99
6 211
6 24
6 274
6 8
6 304
6 77
6 38
6 25
6 56
6 429
6 435
6 376
6 436
6 62
6 89
6 503
6 246
6 32
6 229
6 535
6 725
6 726
6 727
6 586
6 23
6 714
6 715
6 15
6 363
6 364
6 30
6 379
6 37
6 290
6 336
6 618
6 36
6 150
6 21
7 32
7 200
7 268
7 34
7 302
7 355
7 356
7 36
7 67
7 30
7 97
7 63
7 56
7 686
7 29
7 12
7 713
8 9
8 243
8 244
8 245
8 35
8 38
8 218
8 217
8 193
8 274
8 304
8 77
8 25
8 32
8 56
8 518
8 386
8 129
8 37
8 69
8 619
8 229
8 675
8 676
8 425
8 677
8 688
8 24
8 728
8 729
8 97
8 376
8 714
8 715
8 23
9 618
9 229
10 81
10 481
10 638
10 247
10 282
10 306
10 324
10 360
10 114
10 411
10 36
10 50
10 91
10 43
10 20
11 127
11 595
11 152
11 739
11 19
11 296
11 229
11 196
11 345
11 288
11 97
11 16
11 557
11 567
11 636
11 65
11 121
11 38
11 227
11 536
11 32
11 337
11 338
11 71
11 255
11 128
11 626
12 13
12 44
12 30
12 63
12 36
12 78
12 124
12 279
12 280
12 123
12 125
12 528
12 451
12 166
12 32
12 290
12 203
12 97
12 229
12 281
12 373
12 517
12 649
12 29
12 67
12 283
12 284
12 43
12 385
12 473
12 336
12 193
12 362
12 74
12 432
12 209
12 585
12 586
12 560
12 167
12 106
12 21
12 485
12 361
12 136
12 408
12 686
12 713
15 108
15 109
15 110
15 111
15 32
15 149
15 363
15 364
15 30
15 379
15 37
15 290
15 336
15 618
15 36
15 150
15 56
15 21
15 71
15 106
15 129
15 38
15 29
16 88
16 49
16 18
16 87
16 201
16 37
16 32
16 300
16 19
16 314
16 193
16 29
16 288
16 97
16 573
16 273
16 604
16 503
16 326
16 611
16 612
16 613
16 264
16 57
16 106
16 56
16 381
17 20
17 590
19 56
19 129
19 34
19 192
19 296
19 20
19 300
20 404
20 209
20 106
20 81
20 730
20 42
20 590
20 235
20 336
20 521
20 682
20 468
20 469
20 50
20 91
20 43
20 695
21 22
21 23
21 24
21 45
21 260
21 29
21 30
21 287
21 272
21 64
21 582
21 410
21 38
21 575
21 229
21 576
21 577
21 42
21 364
21 106
21 36
21 56
21 44
21 35
21 32
21 363
21 379
21 37
21 290
21 336
21 618
21 150
22 23
22 24
23 24
23 312
23 376
23 714
23 715
23 725
23 726
23 727
23 586
24 211
24 312
24 688
24 69
24 129
24 725
24 726
24 727
24 586
24 376
24 714
24 715
25 26
25 27
25 28
25 574
25 38
25 196
25 265
25 266
25 264
25 304
25 77
25 737
26 27
26 28
26 264
27 28
29 37
29 361
29 117
29 99
29 87
29 101
29 71
29 63
29 276
29 277
29 44
29 594
29 150
29 193
29 223
29 254
29 255
29 260
29 199
29 262
29 45
29 129
29 67
29 283
29 30
29 36
29 284
29 295
29 48
29 403
29 330
29 687
29 307
29 106
29 264
29 397
29 398
29 128
29 362
29 38
29 423
29 443
29 444
29 430
29 453
29 133
29 134
29 135
29 136
29 137
29 138
29 139
29 290
29 263
29 485
29 408
29 59
29 519
29 382
29 471
29 603
29 56
29 578
29 671
29 42
29 364
29 201
29 234
29 384
29 526
29 527
29 617
29 219
29 629
29 505
29 680
29 57
29 684
29 686
29 713
29 689
29 357
29 690
29 691
29 479
29 700
30 31
30 205
30 44
30 63
30 71
30 72
30 73
30 74
30 378
30 123
30 124
30 125
30 528
30 451
30 203
30 97
30 168
30 67
30 283
30 36
30 284
30 287
30 201
30 363
30 364
30 379
30 37
30 290
30 336
30 618
30 150
30 56
30 32
30 410
30 38
30 575
30 229
30 576
30 577
30 202
30 433
30 434
30 454
30 133
30 134
30 135
30 136
30 137
30 138
30 139
30 234
30 478
30 479
30 198
30 480
30 430
30 129
30 48
30 403
30 373
30 517
30 264
30 485
30 361
30 408
30 679
31 205
32 42
32 66
32 286
32 36
32 93
32 94
32 226
32 349
32 415
32 502
32 132
32 108
32 109
32 110
32 111
32 149
32 128
32 182
32 153
32 154
32 43
32 107
32 187
32 133
32 136
32 188
32 200
32 220
32 221
32 261
32 229
32 204
32 424
32 683
32 38
32 353
32 391
32 122
32 385
32 420
32 267
32 421
32 422
32 614
32 615
32 616
32 426
32 316
32 317
32 318
32 319
32 320
32 321
32 333
32 334
32 335
32 341
32 342
32 343
32 344
32 351
32 393
32 405
32 413
32 445
32 179
32 446
32 447
32 448
32 472
32 84
32 62
32 89
32 503
32 246
32 535
32 516
32 198
32 190
32 532
32 533
32 534
32 536
32 537
32 538
32 539
32 540
32 554
32 600
32 64
32 601
32 602
32 504
32 56
32 168
32 561
32 479
32 478
32 37
32 35
32 585
32 586
32 560
32 124
32 471
32 620
32 621
32 598
32 630
32 674
32 97
32 65
32 121
32 227
32 337
32 338
32 71
32 255
32 362
32 675
32 676
32 425
32 677
32 692
32 696
32 697
32 698
32 720
32 699
32 44
32 166
32 290
32 363
32 364
32 379
32 336
32 618
32 150
32 736
33 69
33 70
33 208
33 477
34 35
34 56
34 68
34 129
34 268
34 302
34 355
34 356
34 36
34 106
34 79
34 80
35 56
35 68
35 130
35 243
35 244
35 245
35 38
35 37
35 229
35 44
36 78
36 124
36 279
36 280
36 63
36 174
36 175
36 176
36 177
36 178
36 179
36 180
36 181
36 487
36 488
36 489
36 490
36 491
36 67
36 283
36 284
36 316
36 317
36 318
36 319
36 320
36 321
36 333
36 334
36 335
36 341
36 342
36 343
36 344
36 351
36 393
36 405
36 413
36 445
36 446
36 447
36 448
36 472
36 268
36 302
36 355
36 356
36 402
36 202
36 74
36 73
36 229
36 454
36 37
36 234
36 478
36 479
36 198
36 480
36 585
36 586
36 560
36 106
36 363
36 364
36 379
36 290
36 336
36 618
36 150
36 56
36 660
36 692
36 132
36 99
36 502
36 696
36 697
36 698
36 720
36 701
36 219
36 703
36 187
36 71
36 731
36 732
37 43
37 455
37 456
37 64
37 40
37 285
37 301
37 246
37 98
37 659
37 193
37 363
37 364
37 379
37 290
37 336
37 618
37 150
37 56
37 397
37 398
37 234
37 478
37 479
37 198
37 480
37 392
37 307
37 517
37 229
37 386
37 38
37 129
37 69
37 619
37 623
37 202
38 62
38 89
38 503
38 246
38 229
38 535
38 196
38 265
38 266
38 63
38 65
38 121
38 227
38 536
38 337
38 338
38 71
38 255
38 128
38 365
38 129
38 304
38 77
38 410
38 575
38 576
38 577
38 362
38 423
38 67
38 386
38 69
38 619
38 43
38 504
38 56
38 606
38 667
38 122
38 243
38 244
38 245
39 51
39 52
39 53
39 54
39 55
40 64
40 285
40 301
42 183
42 184
42 185
42 78
42 272
42 71
42 364
42 106
42 81
42 730
42 736
43 455
43 456
43 107
43 504
43 56
43 50
43 91
43 81
43 640
44 63
44 167
44 171
44 276
44 277
44 594
44 56
44 307
44 716
45 56
46 47
46 189
47 189
48 403
50 91
51 52
51 53
51 54
51 55
52 53
52 54
52 55
53 54
53 55
53 359
53 362
53 432
54 55
56 57
56 58
56 68
56 145
56 129
56 199
56 331
56 399
56 578
56 84
56 429
56 274
56 301
56 365
56 358
56 483
56 484
56 518
56 336
56 541
56 504
56 128
56 671
56 97
56 229
56 363
56 364
56 379
56 290
56 618
56 150
57 58
57 680
59 519
59 625
60 61
60 129
60 449
62 89
62 503
62 246
62 229
62 535
63 92
63 290
63 325
63 372
63 132
63 81
63 67
63 97
63 644
63 645
63 646
64 285
64 301
64 272
64 599
64 128
64 532
64 533
64 534
64 535
64 536
64 537
64 538
64 539
64 540
64 554
64 600
64 601
64 602
65 121
65 227
65 536
65 337
65 338
65 71
65 255
65 128
67 283
67 284
67 234
67 419
67 97
68 173
68 309
69 70
69 208
69 477
69 386
69 129
69 619
69 229
69 688
70 208
70 477
71 72
71 73
71 74
71 378
71 264
71 336
71 506
71 229
71 121
71 227
71 536
71 337
71 338
71 255
71 128
71 731
71 732
72 73
72 74
72 378
73 74
73 378
73 168
73 201
73 202
73 433
73 434
73 229
73 454
73 373
73 379
73 517
74 378
74 168
74 201
74 362
74 432
74 202
74 433
74 434
74 229
74 454
74 373
74 379
74 517
75 76
75 77
76 77
77 81
77 288
77 289
77 303
77 304
77 305
77 643
78 124
78 279
78 280
78 183
78 184
78 185
79 80
81 288
81 289
81 303
81 304
81 305
81 643
81 99
81 153
81 336
81 325
81 372
81 132
81 481
81 638
81 219
81 640
81 106
81 730
82 160
82 161
82 162
82 163
82 164
82 165
82 213
82 214
82 215
82 216
82 236
82 237
82 238
82 239
82 240
82 241
82 242
82 367
82 368
82 369
82 206
82 710
82 711
82 712
84 102
84 120
84 172
84 186
84 258
84 259
84 229
84 500
84 501
84 554
84 702
85 86
85 143
85 510
85 511
85 512
85 509
85 194
86 143
86 510
86 511
86 512
86 509
87 99
87 101
87 581
88 302
89 503
89 246
89 229
89 535
91 634
91 635
93 94
93 226
93 349
93 415
93 502
94 226
94 349
94 415
94 502
96 97
97 168
97 206
97 370
97 371
97 203
97 525
97 387
97 388
97 389
97 390
97 328
97 329
97 395
97 288
97 425
97 630
97 674
97 728
97 729
98 246
98 659
99 100
99 101
99 308
99 581
99 701
100 101
102 120
102 172
102 186
102 258
102 259
103 104
103 105
104 105
106 301
106 207
106 678
106 730
108 109
108 110
108 111
108 149
109 110
109 111
109 149
110 111
110 149
111 149
112 113
112 114
112 115
112 116
113 114
113 115
113 116
114 115
114 116
114 360
114 411
115 116
116 143
118 119
120 172
120 186
120 258
120 259
121 227
121 536
121 337
121 338
121 255
121 128
122 231
122 218
122 606
122 667
123 124
123 125
123 528
123 451
124 125
124 528
124 451
124 279
124 280
124 209
125 528
125 451
126 298
126 299
127 595
127 557
127 567
127 636
128 182
128 599
128 229
128 227
128 536
128 337
128 338
128 255
129 504
129 264
129 449
129 386
129 619
129 229
129 358
129 483
129 484
129 430
129 688
132 325
132 372
132 692
133 134
133 135
133 136
133 137
133 138
133 139
133 187
133 188
134 135
134 136
134 137
134 138
134 139
135 136
135 137
135 138
135 139
136 137
136 138
136 139
136 187
136 188
136 485
136 361
136 408
136 571
136 572
136 153
136 154
136 479
137 138
137 139
138 139
140 141
140 142
141 142
142 592
142 593
142 718
142 719
143 144
143 510
143 511
143 512
143 509
143 474
147 148
150 363
150 364
150 379
150 290
150 336
150 618
151 197
151 198
151 307
152 739
153 154
153 428
153 206
153 508
153 647
153 571
153 572
154 571
154 572
155 156
157 158
157 159
157 563
157 564
157 435
158 159
160 161
160 162
160 163
160 164
160 165
160 213
160 214
160 215
160 216
160 236
160 237
160 238
160 239
160 240
160 241
160 242
160 367
160 368
160 369
160 206
160 710
160 711
160 712
161 162
161 163
161 164
161 165
161 213
161 214
161 215
161 216
161 236
161 237
161 238
161 239
161 240
161 241
161 242
161 367
161 368
161 369
161 206
161 710
161 711
161 712
162 163
162 164
162 165
162 213
162 214
162 215
162 216
162 236
162 237
162 238
162 239
162 240
162 241
162 242
162 367
162 368
162 369
162 206
162 710
162 711
162 712
163 164
163 165
163 213
163 214
163 215
163 216
163 236
163 237
163 238
163 239
163 240
163 241
163 242
163 367
163 368
163 369
163 206
163 710
163 711
163 712
164 165
164 213
164 214
164 215
164 216
164 236
164 237
164 238
164 239
164 240
164 241
164 242
164 367
164 368
164 369
164 206
164 710
164 711
164 712
165 213
165 214
165 215
165 216
165 236
165 237
165 238
165 239
165 240
165 241
165 242
165 367
165 368
165 369
165 206
165 710
165 711
165 712
166 290
167 171
168 206
168 370
168 371
168 561
169 406
171 596
172 186
172 258
172 259
173 309
174 175
174 176
174 177
174 178
174 179
174 180
174 181
174 487
174 488
174 489
174 490
174 491
175 176
175 177
175 178
175 179
175 180
175 181
175 487
175 488
175 489
175 490
175 491
176 177
176 178
176 179
176 180
176 181
176 487
176 488
176 489
176 490
176 491
177 178
177 179
177 180
177 181
177 487
177 488
177 489
177 490
177 491
178 179
178 180
178 181
178 487
178 488
178 489
178 490
178 491
179 180
179 181
179 487
179 488
179 489
179 490
179 491
179 316
179 317
179 318
179 319
179 320
179 321
179 333
179 334
179 335
179 341
179 342
179 343
179 344
179 351
179 393
179 405
179 413
179 445
179 446
179 447
179 448
179 472
180 181
180 487
180 488
180 489
180 490
180 491
181 487
181 488
181 489
181 490
181 491
183 184
183 185
183 520
183 597
183 598
183 238
183 656
183 657
184 185
185 520
185 597
185 598
185 238
185 656
185 657
186 258
186 259
187 188
190 191
190 516
190 198
193 218
193 217
193 272
193 201
193 234
193 473
193 336
193 700
194 624
196 265
196 266
196 229
197 198
197 307
198 307
198 234
198 478
198 479
198 480
198 516
199 262
201 234
202 433
202 434
202 229
202 454
202 623
204 424
204 683
206 370
206 371
206 213
206 214
206 215
206 216
206 236
206 237
206 238
206 239
206 240
206 241
206 242
206 367
206 368
206 369
206 710
206 711
206 712
206 508
206 647
208 477
212 569
212 332
213 214
213 215
213 216
213 236
213 237
213 238
213 239
213 240
213 241
213 242
213 367
213 368
213 369
213 710
213 711
213 712
214 215
214 216
214 236
214 237
214 238
214 239
214 240
214 241
214 242
214 367
214 368
214 369
214 710
214 711
214 712
215 216
215 236
215 237
215 238
215 239
215 240
215 241
215 242
215 367
215 368
215 369
215 710
215 711
215 712
216 236
216 237
216 238
216 239
216 240
216 241
216 242
216 367
216 368
216 369
216 710
216 711
216 712
217 685
217 717
217 218
218 231
219 703
220 221
222 556
222 662
222 663
222 664
225 514
226 349
226 415
226 502
227 536
227 337
227 338
227 255
229 256
229 451
229 452
229 454
229 399
229 470
229 410
229 575
229 576
229 577
229 618
229 503
229 246
229 535
229 386
229 619
232 233
232 234
233 234
234 478
234 479
234 480
234 721
236 237
236 238
236 239
236 240
236 241
236 242
236 367
236 368
236 369
236 710
236 711
236 712
237 238
237 239
237 240
237 241
237 242
237 367
237 368
237 369
237 710
237 711
237 712
238 239
238 240
238 241
238 242
238 367
238 368
238 369
238 710
238 711
238 712
238 494
238 520
238 597
238 598
238 656
238 657
239 240
239 241
239 242
239 367
239 368
239 369
239 710
239 711
239 712
240 241
240 242
240 367
240 368
240 369
240 710
240 711
240 712
241 242
241 367
241 368
241 369
241 710
241 711
241 712
242 367
242 368
242 369
242 710
242 711
242 712
243 244
243 245
244 245
246 659
246 503
246 535
247 282
249 250
249 251
249 252
249 431
250 251
250 252
251 252
254 255
254 583
255 536
255 337
255 338
257 388
258 259
261 486
263 264
263 562
264 562
264 437
264 499
264 362
264 272
265 266
267 421
267 422
267 614
267 615
267 616
268 302
268 355
268 356
269 270
272 362
274 429
276 277
276 594
277 594
279 280
281 373
281 517
281 649
283 284
285 301
285 307
285 705
285 706
288 289
288 303
288 304
288 305
288 643
289 303
289 304
289 305
289 643
290 363
290 364
290 379
290 336
290 618
293 294
297 658
298 299
301 365
302 355
302 356
303 304
303 305
303 643
304 305
304 643
305 643
307 716
307 392
307 705
307 706
315 471
316 317
316 318
316 319
316 320
316 321
316 333
316 334
316 335
316 341
316 342
316 343
316 344
316 351
316 393
316 405
316 413
316 445
316 446
316 447
316 448
316 472
317 318
317 319
317 320
317 321
317 333
317 334
317 335
317 341
317 342
317 343
317 344
317 351
317 393
317 405
317 413
317 445
317 446
317 447
317 448
317 472
318 319
318 320
318 321
318 333
318 334
318 335
318 341
318 342
318 343
318 344
318 351
318 393
318 405
318 413
318 445
318 446
318 447
318 448
318 472
319 320
319 321
319 333
319 334
319 335
319 341
319 342
319 343
319 344
319 351
319 393
319 405
319 413
319 445
319 446
319 447
319 448
319 472
320 321
320 333
320 334
320 335
320 341
320 342
320 343
320 344
320 351
320 393
320 405
320 413
320 445
320 446
320 447
320 448
320 472
321 333
321 334
321 335
321 341
321 342
321 343
321 344
321 351
321 393
321 405
321 413
321 445
321 446
321 447
321 448
321 472
322 323
325 372
326 503
326 611
326 612
326 613
327 366
327 440
327 441
327 442
328 329
328 395
329 395
330 687
333 334
333 335
333 341
333 342
333 343
333 344
333 351
333 393
333 405
333 413
333 445
333 446
333 447
333 448
333 472
334 335
334 341
334 342
334 343
334 344
334 351
334 393
334 405
334 413
334 445
334 446
334 447
334 448
334 472
335 341
335 342
335 343
335 344
335 351
335 393
335 405
335 413
335 445
335 446
335 447
335 448
335 472
336 363
336 364
336 379
336 618
336 438
336 473
336 541
336 406
337 338
337 536
338 536
339 340
341 342
341 343
341 344
341 351
341 393
341 405
341 413
341 445
341 446
341 447
341 448
341 472
342 343
342 344
342 351
342 393
342 405
342 413
342 445
342 446
342 447
342 448
342 472
343 344
343 351
343 393
343 405
343 413
343 445
343 446
343 447
343 448
343 472
344 351
344 393
344 405
344 413
344 445
344 446
344 447
344 448
344 472
349 415
349 502
349 549
349 550
349 551
349 552
349 553
351 393
351 405
351 413
351 445
351 446
351 447
351 448
351 472
355 356
357 689
357 690
357 691
358 483
358 484
360 411
361 485
361 408
362 423
362 432
363 364
363 379
363 618
363 462
363 566
364 379
364 618
366 440
366 441
366 442
367 368
367 369
367 710
367 711
367 712
368 369
368 710
368 711
368 712
369 710
369 711
369 712
370 371
373 379
373 517
373 649
374 375
374 376
374 377
375 376
375 377
376 377
376 435
376 436
376 714
376 715
377 529
379 618
379 517
383 384
383 665
383 666
384 665
384 666
384 423
386 619
387 388
387 389
387 390
388 389
388 390
389 390
393 405
393 413
393 445
393 446
393 447
393 448
393 472
394 412
394 669
396 554
396 568
397 398
398 430
398 453
399 470
405 413
405 445
405 446
405 447
405 448
405 472
408 485
410 575
410 576
410 577
412 669
413 445
413 446
413 447
413 448
413 472
414 707
415 502
416 417
416 418
417 418
421 422
421 614
421 615
421 616
422 614
422 615
422 616
424 683
425 675
425 676
425 677
430 453
431 515
433 434
435 436
435 563
435 564
437 499
440 441
440 442
441 442
443 444
445 446
445 447
445 448
445 472
446 447
446 448
446 472
447 448
447 472
448 472
451 452
451 528
455 456
457 458
457 459
457 651
457 652
457 653
457 654
457 655
457 689
457 607
457 738
458 459
462 566
463 464
463 708
464 708
465 466
467 591
468 469
471 603
471 620
471 621
471 598
471 641
478 479
478 480
479 480
481 638
483 484
487 488
487 489
487 490
487 491
488 489
488 490
488 491
489 490
489 491
490 491
495 496
495 497
496 497
500 501
502 696
502 697
502 698
502 720
503 535
503 611
503 612
503 613
508 647
509 510
509 511
509 512
510 511
510 512
511 512
517 649
520 597
520 598
520 656
520 657
523 637
526 527
532 533
532 534
532 535
532 536
532 537
532 538
532 539
532 540
532 554
532 600
532 601
532 602
533 534
533 535
533 536
533 537
533 538
533 539
533 540
533 554
533 600
533 601
533 602
534 535
534 536
534 537
534 538
534 539
534 540
534 554
534 600
534 601
534 602
535 536
535 537
535 538
535 539
535 540
535 554
535 600
535 601
535 602
536 537
536 538
536 539
536 540
536 554
536 600
536 601
536 602
537 538
537 539
537 540
537 554
537 600
537 601
537 602
538 539
538 540
538 554
538 600
538 601
538 602
539 540
539 554
539 600
539 601
539 602
540 554
540 600
540 601
540 602
543 544
543 545
543 546
544 545
544 546
545 546
549 550
549 551
549 552
549 553
550 551
550 552
550 553
551 552
551 553
552 553
554 568
554 702
554 600
554 601
554 602
557 567
557 636
558 559
560 585
560 586
563 564
567 636
571 572
575 576
575 577
576 577
578 671
579 580
585 586
586 725
586 726
586 727
587 588
587 589
588 589
592 593
592 718
592 719
593 718
593 719
597 598
597 656
597 657
598 656
598 657
598 620
598 621
600 601
600 602
601 602
606 667
607 608
607 651
607 652
607 653
607 654
607 655
607 689
607 738
611 612
611 613
612 613
614 615
614 616
615 616
620 621
630 674
633 704
634 635
644 645
644 646
645 646
651 652
651 653
651 654
651 655
651 689
651 738
652 653
652 654
652 655
652 689
652 738
653 654
653 655
653 689
653 738
654 655
654 689
654 738
655 689
655 738
656 657
662 663
662 664
663 664
665 666
672 673
675 676
675 677
676 677
685 717
686 713
689 690
689 691
689 738
690 691
693 694
696 697
696 698
696 720
697 698
697 720
698 720
705 706
710 711
710 712
711 712
714 715
718 719
722 723
722 724
723 724
725 726
725 727
726 727
728 729
731 732
733 734
