0 1
0 764
0 561
0 14
0 5
0 6
0 7
0 8
0 9
0 3
0 206
0 708
0 16
0 39
0 91
0 12
0 145
0 335
0 336
0 2
0 100
0 122
0 140
0 207
0 224
0 309
0 310
0 360
0 24
0 25
0 26
0 27
0 28
0 29
0 30
0 31
0 32
0 33
0 34
0 249
0 42
0 56
0 57
0 58
0 59
0 60
0 43
0 45
0 35
0 47
0 70
0 48
0 52
0 481
0 479
0 65
0 66
0 67
0 40
0 75
0 341
0 79
0 37
0 38
0 62
0 80
0 36
0 81
0 82
0 255
0 572
0 84
0 85
0 86
0 87
0 453
0 41
0 92
0 93
0 97
0 119
0 105
0 121
0 99
0 157
0 106
0 94
0 110
0 113
0 115
0 116
0 118
0 703
0 557
0 123
0 124
0 125
0 126
0 22
0 76
0 142
0 275
0 634
0 11
0 400
0 401
0 306
0 156
0 143
0 345
0 158
0 185
0 237
0 238
0 367
0 174
0 349
0 348
0 179
0 180
0 183
0 187
0 188
0 569
0 191
0 192
0 193
0 202
0 204
0 484
0 205
0 21
0 210
0 369
0 220
0 221
0 222
0 282
0 225
0 161
0 164
0 226
0 434
0 516
0 421
0 49
0 50
0 229
0 235
0 236
0 316
0 317
0 239
0 243
0 247
0 252
0 443
0 444
0 257
0 258
0 297
0 873
0 874
0 875
0 259
0 241
0 357
0 358
0 147
0 277
0 278
0 280
0 281
0 292
0 293
0 294
0 305
0 307
0 308
0 311
0 312
0 313
0 314
0 315
0 668
0 319
0 362
0 427
0 428
0 320
0 321
0 322
0 326
0 327
0 324
0 201
0 334
0 248
0 504
0 813
0 339
0 340
0 352
0 353
0 354
0 356
0 372
0 233
0 15
0 435
0 436
0 454
0 399
0 732
0 265
0 264
0 866
0 368
0 375
0 383
0 384
0 385
0 10
0 386
0 445
0 160
0 424
0 388
0 439
0 526
0 527
0 528
0 393
0 394
0 404
0 405
0 412
0 413
0 414
0 693
0 425
0 429
0 692
0 13
0 815
0 867
0 194
0 195
0 196
0 197
0 198
0 199
0 260
0 261
0 262
0 263
0 285
0 286
0 287
0 288
0 289
0 290
0 291
0 440
0 441
0 442
0 855
0 856
0 857
0 447
0 448
0 449
0 450
0 451
0 468
0 455
0 457
0 459
0 460
0 792
0 793
0 461
0 464
0 465
0 466
0 467
0 472
0 475
0 476
0 477
0 689
0 478
0 4
0 576
0 760
0 487
0 490
0 796
0 494
0 495
0 496
0 499
0 318
0 500
0 501
0 728
0 729
0 730
0 437
0 506
0 507
0 509
0 103
0 512
0 513
0 514
0 517
0 518
0 519
0 520
0 524
0 525
0 529
0 530
0 535
0 536
0 537
0 538
0 539
0 540
0 753
0 549
0 550
0 673
0 431
0 555
0 556
0 560
0 649
0 568
0 577
0 430
0 578
0 579
0 722
0 589
0 590
0 591
0 592
0 593
0 595
0 596
0 69
0 107
0 598
0 295
0 633
0 600
0 601
0 602
0 612
0 230
0 613
0 603
0 773
0 614
0 46
0 620
0 759
0 485
0 621
0 623
0 624
0 629
0 669
0 670
0 630
0 631
0 632
0 635
0 636
0 637
0 638
0 655
0 712
0 713
0 714
0 642
0 269
0 657
0 643
0 648
0 146
0 656
0 416
0 298
0 515
0 843
0 667
0 574
0 715
0 671
0 599
0 694
0 680
0 488
0 683
0 684
0 685
0 690
0 691
0 573
0 678
0 679
0 364
0 90
0 697
0 698
0 666
0 240
0 661
0 662
0 704
0 711
0 717
0 346
0 724
0 387
0 725
0 726
0 727
0 731
0 463
0 735
0 736
0 737
0 710
0 739
0 740
0 618
0 846
0 847
0 747
0 266
0 271
0 751
0 844
0 752
0 801
0 754
0 755
0 845
0 761
0 580
0 433
0 486
0 768
0 788
0 770
0 771
0 772
0 774
0 798
0 787
0 795
0 802
0 803
0 804
0 809
0 63
0 818
0 822
0 823
0 824
0 719
0 794
0 830
0 842
0 850
0 492
0 854
0 864
0 865
0 705
0 171
0 869
0 870
0 876
0 877
0 878
0 879
0 880
0 881
0 882
0 883
0 885
0 886
0 889
0 891
0 785
1 2
1 3
1 15
1 100
1 122
1 140
1 207
1 224
1 309
1 310
1 40
1 373
1 28
1 29
1 30
1 31
1 47
1 12
1 33
1 70
1 682
1 233
1 32
1 16
1 36
1 81
1 5
1 82
1 255
1 572
1 94
1 346
1 347
1 363
1 364
1 365
1 90
1 769
1 106
1 35
1 41
1 236
1 316
1 317
1 109
1 62
1 119
1 120
1 121
1 76
1 142
1 275
1 634
1 11
1 400
1 401
1 84
1 306
1 156
1 123
1 124
1 125
1 126
1 46
1 127
1 22
1 116
1 138
1 139
1 144
1 145
1 146
1 625
1 537
1 264
1 815
1 867
1 348
1 179
1 180
1 183
1 159
1 48
1 137
1 21
1 232
1 204
1 484
1 366
1 10
1 239
1 271
1 254
1 259
1 241
1 148
1 707
1 265
1 8
1 277
1 303
1 677
1 307
1 312
1 322
1 324
1 157
1 248
1 504
1 813
1 337
1 447
1 613
1 775
1 372
1 258
1 44
1 371
1 375
1 385
1 393
1 367
1 604
1 605
1 606
1 607
1 410
1 383
1 384
1 431
1 58
1 172
1 173
1 143
1 440
1 457
1 6
1 27
1 479
1 468
1 472
1 389
1 390
1 473
1 490
1 796
1 499
1 187
1 512
1 243
1 86
1 87
1 517
1 518
1 315
1 523
1 594
1 524
1 399
1 39
1 540
1 561
1 13
1 784
1 356
1 334
1 430
1 578
1 579
1 580
1 433
1 164
1 486
1 722
1 458
1 588
1 374
1 602
1 436
1 273
1 610
1 614
1 191
1 669
1 670
1 519
1 746
1 202
1 252
1 443
1 444
1 416
1 599
1 666
1 715
1 206
1 708
1 494
1 495
1 496
1 7
1 658
1 674
1 758
1 24
1 693
1 45
1 603
1 773
1 325
1 593
1 282
1 717
1 175
1 799
1 800
1 627
1 718
1 38
1 743
1 618
1 266
1 474
1 655
1 675
1 314
1 668
1 761
1 762
1 764
1 9
1 732
1 752
1 801
1 788
1 719
1 794
1 514
1 79
1 802
1 803
1 506
1 804
1 434
1 810
1 63
1 811
1 394
1 814
1 391
1 817
1 574
1 256
1 830
1 308
1 465
1 362
1 551
1 552
1 853
1 200
1 889
1 891
2 3
2 100
2 122
2 140
2 207
2 224
2 309
2 310
2 12
2 13
2 40
2 75
2 43
2 341
2 360
2 16
2 116
2 609
2 463
2 41
2 157
2 8
2 81
2 735
2 277
2 385
2 10
2 126
2 32
2 15
2 430
2 62
2 578
2 579
2 587
2 614
2 599
2 699
2 700
2 701
2 593
2 35
2 630
2 631
2 632
2 633
2 634
2 635
2 636
2 637
2 638
2 655
2 712
2 713
2 714
2 241
2 282
2 233
2 38
2 76
2 142
2 275
2 11
2 400
2 401
2 84
2 306
2 156
2 94
2 762
2 46
2 784
2 356
2 810
2 63
2 39
2 752
2 801
2 346
3 16
3 202
3 43
3 233
3 32
3 40
3 45
3 35
3 62
3 63
3 64
3 75
3 341
3 360
3 97
3 342
3 108
3 119
3 120
3 121
3 76
3 142
3 41
3 275
3 634
3 11
3 400
3 401
3 84
3 306
3 156
3 144
3 12
3 145
3 33
3 146
3 625
3 537
3 70
3 39
3 189
3 190
3 220
3 221
3 222
3 91
3 370
3 247
3 116
3 256
3 22
3 270
3 276
3 318
3 500
3 501
3 728
3 729
3 730
3 277
3 259
3 350
3 463
3 157
3 8
3 81
3 735
3 391
3 817
3 241
3 413
3 622
3 15
3 435
3 436
3 454
3 348
3 399
3 732
3 183
3 5
3 6
3 24
3 94
3 346
3 347
3 363
3 364
3 365
3 90
3 769
3 264
3 815
3 867
3 27
3 389
3 390
3 473
3 475
3 476
3 480
3 434
3 324
3 315
3 273
3 610
3 187
3 512
3 206
3 708
3 46
3 543
3 544
3 548
3 126
3 566
3 282
3 573
3 574
3 238
3 575
3 4
3 10
3 576
3 760
3 577
3 587
3 593
3 374
3 655
3 100
3 843
3 561
3 715
3 550
3 673
3 484
3 678
3 679
3 164
3 188
3 695
3 38
3 58
3 630
3 631
3 632
3 633
3 635
3 636
3 637
3 638
3 712
3 713
3 714
3 266
3 279
3 265
3 143
3 644
3 645
3 646
3 647
3 254
3 844
3 620
3 759
3 770
3 771
3 772
3 776
3 79
3 797
3 808
3 810
3 200
4 10
4 94
4 576
4 760
5 6
5 7
5 36
5 81
5 82
5 255
5 572
5 308
5 465
5 15
5 435
5 436
5 33
5 454
5 40
5 348
5 399
5 732
5 39
5 183
5 62
5 24
5 35
6 7
6 94
6 119
6 258
6 27
6 326
6 8
6 364
6 90
6 41
6 28
6 62
6 513
6 519
6 450
6 520
6 69
6 107
6 598
6 295
6 35
6 277
6 633
6 876
6 877
6 878
6 698
6 26
6 864
6 865
6 15
6 435
6 436
6 33
6 454
6 40
6 348
6 399
6 732
6 39
6 183
6 24
7 35
7 240
7 319
7 37
7 362
7 427
7 428
7 39
7 79
7 33
7 116
7 70
7 62
7 816
7 32
7 12
7 863
8 9
8 292
8 293
8 294
8 38
8 41
8 265
8 264
8 233
8 326
8 364
8 90
8 28
8 35
8 62
8 614
8 463
8 157
8 40
8 81
8 735
8 277
8 802
8 803
8 506
8 804
8 818
8 27
8 879
8 880
8 116
8 450
8 864
8 865
8 26
9 732
9 277
10 94
10 576
10 760
10 296
10 338
10 366
10 385
10 432
10 134
10 489
10 39
10 55
10 109
10 46
10 22
11 148
11 707
11 186
11 893
11 21
11 355
11 277
11 236
11 410
11 346
11 116
11 16
11 658
11 674
11 758
11 76
11 142
11 41
11 275
11 634
11 35
11 400
11 401
11 84
11 306
11 156
11 743
12 13
12 47
12 33
12 70
12 39
12 91
12 145
12 335
12 336
12 144
12 146
12 625
12 537
12 200
12 35
12 348
12 247
12 116
12 277
12 337
12 447
12 613
12 775
12 32
12 79
12 339
12 340
12 46
12 461
12 566
12 399
12 233
12 434
12 87
12 516
12 256
12 697
12 698
12 666
12 201
12 126
12 24
12 580
12 433
12 164
12 486
12 816
12 863
15 128
15 129
15 130
15 131
15 35
15 182
15 435
15 436
15 33
15 454
15 40
15 348
15 399
15 732
15 39
15 183
15 62
15 24
15 84
15 126
15 157
15 41
15 32
16 106
16 53
16 20
16 105
16 241
16 40
16 35
16 359
16 21
16 374
16 233
16 32
16 346
16 116
16 680
16 325
16 717
16 598
16 387
16 725
16 726
16 727
16 315
16 63
16 126
16 62
16 457
17 22
17 702
18 641
19 51
19 859
21 62
21 157
21 37
21 232
21 355
21 22
21 359
22 482
22 256
22 126
22 94
22 881
22 45
22 702
22 283
22 399
22 617
22 812
22 558
22 559
22 55
22 109
22 46
22 825
24 25
24 26
24 27
24 48
24 311
24 32
24 33
24 345
24 324
24 75
24 693
24 488
24 41
24 683
24 277
24 684
24 685
24 45
24 436
24 126
24 39
24 62
24 47
24 38
24 35
24 435
24 454
24 40
24 348
24 399
24 732
24 183
25 26
25 27
26 27
26 372
26 450
26 864
26 865
26 876
26 877
26 878
26 698
27 258
27 372
27 818
27 81
27 157
27 876
27 877
27 878
27 698
27 450
27 864
27 865
28 29
28 30
28 31
28 682
28 41
28 236
28 316
28 317
28 315
28 364
28 90
28 891
29 30
29 31
29 315
30 31
32 40
32 433
32 137
32 119
32 105
32 121
32 84
32 70
32 332
32 333
32 47
32 706
32 183
32 233
32 270
32 305
32 306
32 311
32 239
32 313
32 48
32 157
32 79
32 339
32 33
32 39
32 340
32 354
32 52
32 481
32 391
32 817
32 367
32 126
32 315
32 475
32 476
32 156
32 434
32 41
32 503
32 529
32 530
32 514
32 539
32 161
32 162
32 163
32 164
32 165
32 166
32 167
32 348
32 314
32 580
32 486
32 65
32 615
32 458
32 561
32 715
32 62
32 689
32 798
32 45
32 436
32 241
32 282
32 460
32 623
32 624
32 731
32 266
32 751
32 600
32 810
32 63
32 814
32 816
32 863
32 819
32 429
32 820
32 821
32 574
32 840
33 34
33 249
33 47
33 70
33 84
33 85
33 86
33 87
33 453
33 144
33 145
33 146
33 625
33 537
33 247
33 116
33 202
33 79
33 339
33 39
33 340
33 345
33 241
33 435
33 436
33 454
33 40
33 348
33 399
33 732
33 183
33 62
33 35
33 488
33 41
33 683
33 277
33 684
33 685
33 243
33 517
33 518
33 540
33 161
33 162
33 163
33 164
33 165
33 166
33 167
33 282
33 573
33 574
33 238
33 575
33 514
33 157
33 52
33 481
33 447
33 613
33 315
33 580
33 433
33 486
33 809
34 249
35 45
35 78
35 342
35 39
35 111
35 112
35 274
35 415
35 493
35 597
35 160
35 128
35 129
35 130
35 131
35 182
35 156
35 219
35 187
35 188
35 46
35 127
35 225
35 161
35 164
35 226
35 240
35 267
35 268
35 312
35 277
35 248
35 504
35 813
35 41
35 424
35 468
35 143
35 461
35 499
35 318
35 500
35 501
35 728
35 729
35 730
35 507
35 377
35 378
35 379
35 380
35 381
35 382
35 396
35 397
35 398
35 406
35 407
35 408
35 409
35 417
35 471
35 483
35 491
35 531
35 216
35 532
35 533
35 534
35 563
35 100
35 69
35 107
35 598
35 295
35 633
35 612
35 238
35 230
35 630
35 631
35 632
35 634
35 635
35 636
35 637
35 638
35 655
35 712
35 75
35 713
35 714
35 599
35 62
35 202
35 667
35 574
35 573
35 40
35 38
35 697
35 698
35 666
35 145
35 561
35 736
35 737
35 710
35 752
35 801
35 116
35 76
35 142
35 275
35 400
35 401
35 84
35 306
35 434
35 802
35 803
35 506
35 804
35 822
35 826
35 827
35 828
35 871
35 830
35 47
35 200
35 348
35 435
35 436
35 454
35 399
35 732
35 183
35 890
36 81
36 82
36 255
36 572
37 38
37 62
37 80
37 157
37 319
37 362
37 427
37 428
37 39
37 126
37 92
37 93
38 62
38 80
38 158
38 292
38 293
38 294
38 41
38 40
38 277
38 47
39 91
39 145
39 335
39 336
39 70
39 211
39 212
39 213
39 214
39 215
39 216
39 217
39 218
39 582
39 583
39 584
39 585
39 586
39 79
39 339
39 340
39 377
39 378
39 379
39 380
39 381
39 382
39 396
39 397
39 398
39 406
39 407
39 408
39 409
39 417
39 471
39 483
39 491
39 531
39 532
39 533
39 534
39 563
39 319
39 362
39 427
39 428
39 480
39 243
39 87
39 86
39 277
39 540
39 40
39 282
39 573
39 574
39 238
39 575
39 697
39 698
39 666
39 126
39 435
39 436
39 454
39 348
39 399
39 732
39 183
39 62
39 787
39 822
39 160
39 119
39 597
39 826
39 827
39 828
39 871
39 842
39 266
39 844
39 225
39 84
39 882
39 883
40 46
40 543
40 544
40 75
40 43
40 341
40 360
40 295
40 118
40 785
40 233
40 435
40 436
40 454
40 348
40 399
40 732
40 183
40 62
40 475
40 476
40 282
40 573
40 574
40 238
40 575
40 469
40 367
40 613
40 277
40 463
40 41
40 157
40 81
40 735
40 740
40 243
41 69
41 107
41 598
41 295
41 277
41 633
41 236
41 316
41 317
41 70
41 76
41 142
41 275
41 634
41 400
41 401
41 84
41 306
41 156
41 437
41 157
41 364
41 90
41 488
41 683
41 684
41 685
41 434
41 503
41 79
41 463
41 81
41 735
41 46
41 599
41 62
41 719
41 794
41 143
41 292
41 293
41 294
42 56
42 57
42 58
42 59
42 60
43 75
43 341
43 360
45 220
45 221
45 222
45 91
45 324
45 84
45 436
45 126
45 94
45 881
45 890
46 543
46 544
46 127
46 599
46 62
46 55
46 109
46 94
46 762
47 70
47 201
47 206
47 332
47 333
47 706
47 62
47 367
47 866
48 62
49 50
49 229
50 229
51 859
52 481
55 109
56 57
56 58
56 59
56 60
57 58
57 59
57 60
58 59
58 60
58 431
58 434
58 516
59 60
62 63
62 64
62 80
62 174
62 157
62 239
62 393
62 477
62 689
62 100
62 513
62 326
62 360
62 437
62 430
62 578
62 579
62 614
62 399
62 642
62 599
62 156
62 798
62 116
62 277
62 435
62 436
62 454
62 348
62 732
62 183
63 64
63 810
65 615
65 742
66 67
66 157
66 535
69 107
69 598
69 295
69 277
69 633
70 110
70 348
70 386
70 445
70 160
70 94
70 79
70 116
70 770
70 771
70 772
71 72
71 73
71 74
72 73
72 74
73 74
75 341
75 360
75 324
75 711
75 156
75 630
75 631
75 632
75 633
75 634
75 635
75 636
75 637
75 638
75 655
75 712
75 713
75 714
76 142
76 275
76 634
76 400
76 401
76 84
76 306
76 156
77 168
77 562
79 339
79 340
79 282
79 497
79 116
80 210
80 369
81 82
81 255
81 572
81 463
81 157
81 735
81 277
81 818
82 255
82 572
83 502
84 85
84 86
84 87
84 453
84 315
84 399
84 601
84 277
84 142
84 275
84 634
84 400
84 401
84 306
84 156
84 882
84 883
85 86
85 87
85 453
86 87
86 453
86 202
86 241
86 243
86 517
86 518
86 277
86 540
86 447
86 454
86 613
87 453
87 202
87 241
87 434
87 516
87 243
87 517
87 518
87 277
87 540
87 447
87 454
87 613
88 89
88 90
89 90
90 94
90 346
90 347
90 363
90 364
90 365
90 769
91 145
91 335
91 336
91 220
91 221
91 222
92 93
94 346
94 347
94 363
94 364
94 365
94 769
94 119
94 187
94 399
94 386
94 445
94 160
94 576
94 760
94 266
94 762
94 126
94 881
97 194
97 195
97 196
97 197
97 198
97 199
97 260
97 261
97 262
97 263
97 285
97 286
97 287
97 288
97 289
97 290
97 291
97 440
97 441
97 442
97 252
97 855
97 856
97 857
98 571
100 122
100 140
100 207
100 224
100 309
100 310
100 277
100 595
100 596
100 655
100 843
103 104
103 172
103 605
103 606
103 607
103 604
103 234
104 172
104 605
104 606
104 607
104 604
105 119
105 121
105 692
106 362
107 598
107 295
107 277
107 633
109 756
109 757
111 112
111 274
111 415
111 493
111 597
112 274
112 415
112 493
112 597
115 116
116 202
116 252
116 443
116 444
116 247
116 622
116 464
116 465
116 466
116 467
116 389
116 390
116 473
116 346
116 506
116 752
116 801
116 879
116 880
118 295
118 785
119 120
119 121
119 368
119 692
119 842
120 121
122 140
122 207
122 224
122 309
122 310
123 124
123 125
124 125
126 360
126 254
126 808
126 881
128 129
128 130
128 131
128 182
129 130
129 131
129 182
130 131
130 182
131 182
132 133
132 134
132 135
132 136
133 134
133 135
133 136
134 135
134 136
134 432
134 489
135 136
136 172
138 139
140 207
140 224
140 309
140 310
142 275
142 634
142 400
142 401
142 306
142 156
143 279
143 265
143 719
143 794
144 145
144 146
144 625
144 537
145 146
145 625
145 537
145 335
145 336
145 256
146 625
146 537
147 357
147 358
148 707
148 658
148 674
148 758
149 150
149 151
149 152
149 153
149 154
149 155
150 151
150 152
150 153
150 154
150 155
151 152
151 153
151 154
151 155
152 153
152 154
152 155
153 154
153 155
154 155
156 219
156 711
156 277
156 275
156 634
156 400
156 401
156 306
157 599
157 315
157 535
157 463
157 735
157 277
157 430
157 578
157 579
157 514
157 818
160 386
160 445
160 822
161 162
161 163
161 164
161 165
161 166
161 167
161 225
161 226
162 163
162 164
162 165
162 166
162 167
163 164
163 165
163 166
163 167
164 165
164 166
164 167
164 225
164 226
164 580
164 433
164 486
164 678
164 679
164 187
164 188
164 574
165 166
165 167
166 167
168 562
169 170
169 171
170 171
171 704
171 705
171 869
171 870
172 173
172 605
172 606
172 607
172 604
172 567
177 178
179 180
181 744
181 745
183 435
183 436
183 454
183 348
183 399
183 732
185 237
185 238
185 367
186 893
187 188
187 512
187 252
187 603
187 773
187 678
187 679
188 678
188 679
189 190
191 192
191 193
191 669
191 670
191 519
192 193
194 195
194 196
194 197
194 198
194 199
194 260
194 261
194 262
194 263
194 285
194 286
194 287
194 288
194 289
194 290
194 291
194 440
194 441
194 442
194 252
194 855
194 856
194 857
195 196
195 197
195 198
195 199
195 260
195 261
195 262
195 263
195 285
195 286
195 287
195 288
195 289
195 290
195 291
195 440
195 441
195 442
195 252
195 855
195 856
195 857
196 197
196 198
196 199
196 260
196 261
196 262
196 263
196 285
196 286
196 287
196 288
196 289
196 290
196 291
196 440
196 441
196 442
196 252
196 855
196 856
196 857
197 198
197 199
197 260
197 261
197 262
197 263
197 285
197 286
197 287
197 288
197 289
197 290
197 291
197 440
197 441
197 442
197 252
197 855
197 856
197 857
198 199
198 260
198 261
198 262
198 263
198 285
198 286
198 287
198 288
198 289
198 290
198 291
198 440
198 441
198 442
198 252
198 855
198 856
198 857
199 260
199 261
199 262
199 263
199 285
199 286
199 287
199 288
199 289
199 290
199 291
199 440
199 441
199 442
199 252
199 855
199 856
199 857
200 348
201 206
202 252
202 443
202 444
202 667
204 484
206 708
207 224
207 309
207 310
210 369
211 212
211 213
211 214
211 215
211 216
211 217
211 218
211 582
211 583
211 584
211 585
211 586
212 213
212 214
212 215
212 216
212 217
212 218
212 582
212 583
212 584
212 585
212 586
213 214
213 215
213 216
213 217
213 218
213 582
213 583
213 584
213 585
213 586
214 215
214 216
214 217
214 218
214 582
214 583
214 584
214 585
214 586
215 216
215 217
215 218
215 582
215 583
215 584
215 585
215 586
216 217
216 218
216 582
216 583
216 584
216 585
216 586
216 377
216 378
216 379
216 380
216 381
216 382
216 396
216 397
216 398
216 406
216 407
216 408
216 409
216 417
216 471
216 483
216 491
216 531
216 532
216 533
216 534
216 563
217 218
217 582
217 583
217 584
217 585
217 586
218 582
218 583
218 584
218 585
218 586
220 221
220 222
220 616
220 709
220 710
220 287
220 782
220 783
221 222
222 616
222 709
222 710
222 287
222 782
222 783
224 309
224 310
225 226
230 231
230 612
230 238
233 265
233 264
233 324
233 241
233 282
233 566
233 399
233 840
234 741
236 316
236 317
236 277
237 238
237 367
238 367
238 282
238 573
238 574
238 575
238 612
239 313
241 282
243 517
243 518
243 277
243 540
243 740
244 841
245 246
248 504
248 813
251 351
252 443
252 444
252 260
252 261
252 262
252 263
252 285
252 286
252 287
252 288
252 289
252 290
252 291
252 440
252 441
252 442
252 855
252 856
252 857
252 603
252 773
255 572
259 676
259 394
260 261
260 262
260 263
260 285
260 286
260 287
260 288
260 289
260 290
260 291
260 440
260 441
260 442
260 855
260 856
260 857
261 262
261 263
261 285
261 286
261 287
261 288
261 289
261 290
261 291
261 440
261 441
261 442
261 855
261 856
261 857
262 263
262 285
262 286
262 287
262 288
262 289
262 290
262 291
262 440
262 441
262 442
262 855
262 856
262 857
263 285
263 286
263 287
263 288
263 289
263 290
263 291
263 440
263 441
263 442
263 855
263 856
263 857
264 815
264 867
264 265
265 279
266 844
267 268
269 657
269 789
269 790
269 791
273 610
274 415
274 493
274 597
275 634
275 400
275 401
275 306
277 307
277 537
277 538
277 540
277 477
277 560
277 488
277 683
277 684
277 685
277 732
277 598
277 295
277 633
277 463
277 735
280 281
280 282
281 282
282 573
282 574
282 575
282 872
285 286
285 287
285 288
285 289
285 290
285 291
285 440
285 441
285 442
285 855
285 856
285 857
286 287
286 288
286 289
286 290
286 291
286 440
286 441
286 442
286 855
286 856
286 857
287 288
287 289
287 290
287 291
287 440
287 441
287 442
287 855
287 856
287 857
287 589
287 616
287 709
287 710
287 782
287 783
288 289
288 290
288 291
288 440
288 441
288 442
288 855
288 856
288 857
289 290
289 291
289 440
289 441
289 442
289 855
289 856
289 857
290 291
290 440
290 441
290 442
290 855
290 856
290 857
291 440
291 441
291 442
291 855
291 856
291 857
292 293
292 294
293 294
295 785
295 598
295 633
296 338
298 299
298 300
298 301
298 515
299 300
299 301
300 301
304 456
305 306
305 694
306 634
306 400
306 401
308 465
309 310
312 581
314 315
314 668
315 668
315 523
315 594
315 434
315 324
316 317
318 500
318 501
318 728
318 729
318 730
319 362
319 427
319 428
320 321
324 434
326 513
328 329
328 553
328 570
329 553
329 570
330 331
332 333
332 706
333 706
335 336
337 447
337 613
337 775
339 340
341 360
341 367
341 846
341 847
344 688
344 868
346 347
346 363
346 364
346 365
346 769
347 363
347 364
347 365
347 769
348 435
348 436
348 454
348 399
348 732
352 353
356 784
357 358
360 437
362 427
362 428
363 364
363 365
363 769
364 365
364 769
365 769
367 866
367 469
367 846
367 847
375 561
377 378
377 379
377 380
377 381
377 382
377 396
377 397
377 398
377 406
377 407
377 408
377 409
377 417
377 471
377 483
377 491
377 531
377 532
377 533
377 534
377 563
378 379
378 380
378 381
378 382
378 396
378 397
378 398
378 406
378 407
378 408
378 409
378 417
378 471
378 483
378 491
378 531
378 532
378 533
378 534
378 563
379 380
379 381
379 382
379 396
379 397
379 398
379 406
379 407
379 408
379 409
379 417
379 471
379 483
379 491
379 531
379 532
379 533
379 534
379 563
380 381
380 382
380 396
380 397
380 398
380 406
380 407
380 408
380 409
380 417
380 471
380 483
380 491
380 531
380 532
380 533
380 534
380 563
381 382
381 396
381 397
381 398
381 406
381 407
381 408
381 409
381 417
381 471
381 483
381 491
381 531
381 532
381 533
381 534
381 563
382 396
382 397
382 398
382 406
382 407
382 408
382 409
382 417
382 471
382 483
382 491
382 531
382 532
382 533
382 534
382 563
383 384
386 445
387 598
387 725
387 726
387 727
388 439
388 526
388 527
388 528
389 390
389 473
390 473
391 817
396 397
396 398
396 406
396 407
396 408
396 409
396 417
396 471
396 483
396 491
396 531
396 532
396 533
396 534
396 563
397 398
397 406
397 407
397 408
397 409
397 417
397 471
397 483
397 491
397 531
397 532
397 533
397 534
397 563
398 406
398 407
398 408
398 409
398 417
398 471
398 483
398 491
398 531
398 532
398 533
398 534
398 563
399 435
399 436
399 454
399 732
399 524
399 566
399 642
399 484
400 401
400 634
401 634
402 403
404 405
406 407
406 408
406 409
406 417
406 471
406 483
406 491
406 531
406 532
406 533
406 534
406 563
407 408
407 409
407 417
407 471
407 483
407 491
407 531
407 532
407 533
407 534
407 563
408 409
408 417
408 471
408 483
408 491
408 531
408 532
408 533
408 534
408 563
409 417
409 471
409 483
409 491
409 531
409 532
409 533
409 534
409 563
415 493
415 597
415 650
415 651
415 652
415 653
415 654
417 471
417 483
417 491
417 531
417 532
417 533
417 534
417 563
418 419
418 420
419 420
427 428
429 819
429 820
429 821
430 578
430 579
432 489
433 580
433 486
434 503
434 516
435 436
435 454
435 732
435 550
435 673
436 454
436 732
439 526
439 527
439 528
440 441
440 442
440 855
440 856
440 857
441 442
441 855
441 856
441 857
442 855
442 856
442 857
443 444
447 454
447 613
447 775
448 449
448 450
448 451
449 450
449 451
450 451
450 519
450 520
450 864
450 865
451 626
454 732
454 613
459 460
459 792
459 793
460 792
460 793
460 503
463 735
464 465
464 466
464 467
465 466
465 467
466 467
471 483
471 491
471 531
471 532
471 533
471 534
471 563
472 490
472 796
474 655
474 675
475 476
476 514
476 539
477 560
483 491
483 531
483 532
483 533
483 534
483 563
486 580
488 683
488 684
488 685
490 796
491 531
491 532
491 533
491 534
491 563
492 850
493 597
494 495
494 496
495 496
500 501
500 728
500 729
500 730
501 728
501 729
501 730
504 813
506 802
506 803
506 804
514 539
515 611
517 518
519 520
519 669
519 670
523 594
526 527
526 528
527 528
529 530
531 532
531 533
531 534
531 563
532 533
532 534
532 563
533 534
533 563
534 563
537 538
537 625
541 542
543 544
545 546
545 547
545 777
545 778
545 779
545 780
545 781
545 819
545 720
545 892
546 547
550 673
551 552
551 853
552 853
553 570
555 556
557 703
558 559
561 715
561 736
561 737
561 710
561 764
573 574
573 575
574 575
576 760
578 579
582 583
582 584
582 585
582 586
583 584
583 585
583 586
584 585
584 586
585 586
590 591
590 592
591 592
595 596
597 826
597 827
597 828
597 871
598 633
598 725
598 726
598 727
603 773
604 605
604 606
604 607
605 606
605 607
606 607
613 775
616 709
616 710
616 782
616 783
620 759
623 624
630 631
630 632
630 633
630 634
630 635
630 636
630 637
630 638
630 655
630 712
630 713
630 714
631 632
631 633
631 634
631 635
631 636
631 637
631 638
631 655
631 712
631 713
631 714
632 633
632 634
632 635
632 636
632 637
632 638
632 655
632 712
632 713
632 714
633 634
633 635
633 636
633 637
633 638
633 655
633 712
633 713
633 714
634 635
634 636
634 637
634 638
634 655
634 712
634 713
634 714
635 636
635 637
635 638
635 655
635 712
635 713
635 714
636 637
636 638
636 655
636 712
636 713
636 714
637 638
637 655
637 712
637 713
637 714
638 655
638 712
638 713
638 714
644 645
644 646
644 647
645 646
645 647
646 647
650 651
650 652
650 653
650 654
651 652
651 653
651 654
652 653
652 654
653 654
655 675
655 843
655 712
655 713
655 714
658 674
658 758
659 660
661 662
663 664
663 665
664 665
666 697
666 698
669 670
672 681
672 686
672 687
674 758
678 679
681 686
681 687
683 684
683 685
684 685
686 687
688 868
689 798
690 691
697 698
698 876
698 877
698 878
699 700
699 701
700 701
704 705
704 869
704 870
705 869
705 870
709 710
709 782
709 783
710 782
710 783
710 736
710 737
712 713
712 714
713 714
719 794
720 721
720 777
720 778
720 779
720 780
720 781
720 819
720 892
725 726
725 727
726 727
728 729
728 730
729 730
733 734
736 737
744 745
748 749
752 801
755 845
756 757
766 767
770 771
770 772
771 772
777 778
777 779
777 780
777 781
777 819
777 892
778 779
778 780
778 781
778 819
778 892
779 780
779 781
779 819
779 892
780 781
780 819
780 892
781 819
781 892
782 783
789 790
789 791
790 791
792 793
799 800
802 803
802 804
803 804
805 806
805 807
806 807
815 867
816 863
819 820
819 821
819 892
820 821
823 824
826 827
826 828
826 871
827 828
827 871
828 871
831 832
831 833
831 834
831 835
831 836
831 837
831 838
831 839
832 833
832 834
832 835
832 836
832 837
832 838
832 839
833 834
833 835
833 836
833 837
833 838
833 839
834 835
834 836
834 837
834 838
834 839
835 836
835 837
835 838
835 839
836 837
836 838
836 839
837 838
837 839
838 839
846 847
848 849
855 856
855 857
856 857
858 859
860 861
860 887
860 888
861 887
861 888
864 865
869 870
873 874
873 875
874 875
876 877
876 878
877 878
879 880
882 883
885 886
887 888
