0 1
0 2
1 2
2 5
2 6
2 8
2 9
2 10
2 11
2 12
2 13
2 14
2 57
2 325
2 18
2 3
2 19
2 21
2 77
2 35
2 36
2 37
2 60
2 46
2 47
2 48
2 49
2 50
2 51
2 58
2 65
2 66
2 68
2 73
2 105
2 74
2 240
2 132
2 213
2 20
2 70
2 106
2 107
2 43
2 136
2 172
2 209
2 210
2 121
2 119
2 120
2 129
2 130
2 140
2 145
2 146
2 124
2 147
2 149
2 54
2 153
2 155
2 156
2 157
2 138
2 164
2 158
2 160
2 161
2 168
2 184
2 253
2 186
2 200
2 143
2 296
2 69
2 198
2 207
2 208
2 219
2 271
2 211
2 221
2 229
2 300
2 301
2 199
2 285
2 286
2 309
2 310
2 311
2 55
2 223
2 265
2 275
2 278
2 279
2 289
2 412
2 446
2 307
2 15
2 314
2 327
2 431
2 336
2 337
2 338
2 341
2 379
2 358
2 359
2 387
2 388
2 389
2 398
2 322
2 425
2 241
2 395
2 426
2 427
2 430
2 433
2 434
3 15
3 19
3 20
3 185
3 45
3 47
3 54
3 55
3 166
3 16
3 56
3 57
3 80
3 67
3 59
3 60
3 61
3 65
3 66
3 68
3 69
3 73
3 105
3 93
3 5
3 70
3 113
3 125
3 136
3 172
3 209
3 210
3 117
3 119
3 120
3 121
3 137
3 444
3 140
3 149
3 50
3 153
3 155
3 156
3 223
3 159
3 138
3 162
3 165
3 184
3 253
3 177
3 183
3 143
3 198
3 168
3 199
3 175
3 176
3 207
3 208
3 145
3 219
3 271
3 77
3 275
3 132
3 213
3 217
3 220
3 221
3 46
3 229
3 300
3 301
3 23
3 24
3 25
3 26
3 27
3 28
3 29
3 30
3 31
3 32
3 84
3 85
3 86
3 87
3 88
3 89
3 90
3 91
3 234
3 235
3 236
3 237
3 238
3 239
3 242
3 124
3 243
3 256
3 260
3 261
3 262
3 280
3 289
3 412
3 446
3 148
3 290
3 294
3 146
3 295
3 305
3 307
3 285
3 286
3 309
3 310
3 311
3 314
3 317
3 322
3 43
3 21
3 111
3 324
3 327
3 332
3 334
3 335
3 336
3 337
3 338
3 341
3 344
3 354
3 384
3 385
3 387
3 388
3 389
3 391
3 392
3 393
3 395
3 398
3 403
3 134
3 417
3 425
3 241
3 433
3 11
3 434
3 18
5 23
5 24
5 25
5 26
5 27
5 28
5 29
5 30
5 31
5 32
5 84
5 85
5 86
5 87
5 88
5 89
5 90
5 91
5 234
5 235
5 236
5 237
5 238
5 239
5 242
5 124
5 243
5 93
5 145
5 146
5 147
5 370
5 371
5 372
5 373
5 46
5 374
5 358
5 359
7 187
8 9
8 10
8 11
8 12
8 13
8 14
8 57
8 325
9 10
9 11
9 12
9 13
9 14
9 57
9 325
10 11
10 12
10 13
10 14
10 57
10 325
11 12
11 13
11 14
11 57
11 325
11 124
11 433
11 434
12 13
12 14
12 57
12 325
13 14
13 57
13 325
14 57
14 325
15 57
15 314
16 56
16 57
19 57
19 124
19 338
20 70
20 60
20 285
20 145
20 286
20 309
20 310
20 311
20 47
20 140
20 188
20 149
20 192
20 193
20 136
20 172
20 209
20 210
20 429
21 77
21 322
21 43
21 208
22 83
23 24
23 25
23 26
23 27
23 28
23 29
23 30
23 31
23 32
23 84
23 85
23 86
23 87
23 88
23 89
23 90
23 91
23 234
23 235
23 236
23 237
23 238
23 239
23 242
23 124
23 243
24 25
24 26
24 27
24 28
24 29
24 30
24 31
24 32
24 84
24 85
24 86
24 87
24 88
24 89
24 90
24 91
24 234
24 235
24 236
24 237
24 238
24 239
24 242
24 124
24 243
25 26
25 27
25 28
25 29
25 30
25 31
25 32
25 84
25 85
25 86
25 87
25 88
25 89
25 90
25 91
25 234
25 235
25 236
25 237
25 238
25 239
25 242
25 124
25 243
26 27
26 28
26 29
26 30
26 31
26 32
26 84
26 85
26 86
26 87
26 88
26 89
26 90
26 91
26 234
26 235
26 236
26 237
26 238
26 239
26 242
26 124
26 243
27 28
27 29
27 30
27 31
27 32
27 84
27 85
27 86
27 87
27 88
27 89
27 90
27 91
27 234
27 235
27 236
27 237
27 238
27 239
27 242
27 124
27 243
28 29
28 30
28 31
28 32
28 84
28 85
28 86
28 87
28 88
28 89
28 90
28 91
28 234
28 235
28 236
28 237
28 238
28 239
28 242
28 124
28 243
29 30
29 31
29 32
29 84
29 85
29 86
29 87
29 88
29 89
29 90
29 91
29 234
29 235
29 236
29 237
29 238
29 239
29 242
29 124
29 243
30 31
30 32
30 84
30 85
30 86
30 87
30 88
30 89
30 90
30 91
30 234
30 235
30 236
30 237
30 238
30 239
30 242
30 124
30 243
31 32
31 84
31 85
31 86
31 87
31 88
31 89
31 90
31 91
31 234
31 235
31 236
31 237
31 238
31 239
31 242
31 124
31 243
32 84
32 85
32 86
32 87
32 88
32 89
32 90
32 91
32 234
32 235
32 236
32 237
32 238
32 239
32 242
32 124
32 243
34 131
34 132
34 60
34 50
35 36
35 37
36 37
39 114
39 115
39 345
39 346
39 347
39 348
39 349
39 394
40 41
40 42
41 42
43 60
43 322
43 208
44 323
46 221
46 229
46 300
46 301
46 199
46 328
46 329
46 330
46 358
46 359
46 370
46 371
46 372
46 373
46 374
46 134
46 417
46 441
47 136
47 172
47 209
47 210
47 384
47 336
47 385
47 285
47 145
47 286
47 309
47 310
47 311
48 49
48 50
48 51
49 50
49 51
50 51
50 123
50 124
50 149
50 60
51 241
52 127
52 141
52 142
52 152
53 110
53 386
54 55
54 166
54 67
54 153
54 60
54 113
54 69
55 166
55 223
55 60
56 57
57 197
57 65
57 66
57 71
57 72
57 119
57 120
57 171
57 190
57 314
57 325
57 60
57 341
60 61
60 70
60 140
60 326
60 155
60 156
60 246
60 207
60 208
60 145
60 219
60 271
60 66
60 149
60 198
60 364
60 365
60 366
60 367
60 111
60 324
60 341
60 343
60 395
63 64
65 66
66 208
67 80
67 282
67 283
67 149
67 334
67 342
69 198
69 296
71 72
73 105
74 240
75 76
75 81
75 82
75 97
75 101
75 118
75 126
75 133
75 139
75 144
75 154
75 189
75 191
75 245
75 257
75 259
75 270
75 277
75 281
75 284
76 81
76 82
76 97
76 101
76 118
76 126
76 133
76 139
76 144
76 154
76 189
76 191
76 245
76 257
76 259
76 270
76 277
76 281
76 284
77 258
77 420
78 79
81 82
81 97
81 101
81 118
81 126
81 133
81 139
81 144
81 154
81 189
81 191
81 245
81 257
81 259
81 270
81 277
81 281
81 284
82 97
82 101
82 118
82 126
82 133
82 139
82 144
82 154
82 189
82 191
82 245
82 257
82 259
82 270
82 277
82 281
82 284
84 85
84 86
84 87
84 88
84 89
84 90
84 91
84 234
84 235
84 236
84 237
84 238
84 239
84 242
84 124
84 243
85 86
85 87
85 88
85 89
85 90
85 91
85 234
85 235
85 236
85 237
85 238
85 239
85 242
85 124
85 243
86 87
86 88
86 89
86 90
86 91
86 234
86 235
86 236
86 237
86 238
86 239
86 242
86 124
86 243
87 88
87 89
87 90
87 91
87 234
87 235
87 236
87 237
87 238
87 239
87 242
87 124
87 243
88 89
88 90
88 91
88 234
88 235
88 236
88 237
88 238
88 239
88 242
88 124
88 243
89 90
89 91
89 234
89 235
89 236
89 237
89 238
89 239
89 242
89 124
89 243
90 91
90 234
90 235
90 236
90 237
90 238
90 239
90 242
90 124
90 243
91 234
91 235
91 236
91 237
91 238
91 239
91 242
91 124
91 243
94 95
94 96
95 96
96 304
96 383
97 101
97 118
97 126
97 133
97 139
97 144
97 154
97 189
97 191
97 245
97 257
97 259
97 270
97 277
97 281
97 284
98 122
99 100
101 118
101 126
101 133
101 139
101 144
101 154
101 189
101 191
101 245
101 257
101 259
101 270
101 277
101 281
101 284
102 103
102 104
102 128
102 226
102 227
102 228
103 104
103 128
103 226
103 227
103 228
104 128
104 226
104 227
104 228
106 107
108 109
110 386
111 112
111 324
113 125
113 222
114 115
114 345
114 346
114 347
114 348
114 349
114 394
115 345
115 346
115 347
115 348
115 349
115 394
118 126
118 133
118 139
118 144
118 154
118 189
118 191
118 245
118 257
118 259
118 270
118 277
118 281
118 284
119 120
123 124
124 145
124 146
124 147
124 234
124 235
124 236
124 237
124 238
124 239
124 242
124 243
124 338
124 354
124 433
124 434
126 133
126 139
126 144
126 154
126 189
126 191
126 245
126 257
126 259
126 270
126 277
126 281
126 284
127 141
127 142
127 152
128 405
128 226
128 227
128 228
131 132
132 213
133 139
133 144
133 154
133 189
133 191
133 245
133 257
133 259
133 270
133 277
133 281
133 284
134 417
136 172
136 209
136 210
137 148
137 290
138 157
138 164
138 178
138 202
138 203
138 204
139 144
139 154
139 189
139 191
139 245
139 257
139 259
139 270
139 277
139 281
139 284
140 350
140 351
140 352
141 142
141 152
142 152
144 154
144 189
144 191
144 245
144 257
144 259
144 270
144 277
144 281
144 284
145 146
145 147
145 158
145 207
145 208
145 219
145 271
145 285
145 286
145 309
145 310
145 311
146 147
146 158
146 295
148 290
149 188
149 334
150 151
150 180
150 181
151 180
151 181
154 189
154 191
154 245
154 257
154 259
154 270
154 277
154 281
154 284
155 156
157 164
160 161
163 251
172 209
172 210
173 174
173 231
173 233
174 231
174 233
175 176
176 280
180 181
182 276
184 253
186 200
189 191
189 245
189 257
189 259
189 270
189 277
189 281
189 284
191 245
191 257
191 259
191 270
191 277
191 281
191 284
192 193
194 195
194 196
195 196
198 272
198 273
198 357
198 364
198 365
198 366
198 367
199 229
199 300
199 301
199 426
199 427
199 430
202 203
202 204
203 204
207 208
207 219
207 271
208 219
208 271
208 275
208 322
209 210
219 271
226 227
226 228
227 228
229 300
229 301
231 233
234 235
234 236
234 237
234 238
234 239
234 242
234 243
235 236
235 237
235 238
235 239
235 242
235 243
236 237
236 238
236 239
236 242
236 243
237 238
237 239
237 242
237 243
238 239
238 242
238 243
239 242
239 243
241 425
241 322
242 243
245 257
245 259
245 270
245 277
245 281
245 284
254 255
257 259
257 270
257 277
257 281
257 284
259 270
259 277
259 281
259 284
260 261
260 262
261 262
263 264
266 267
266 268
266 269
267 268
267 269
268 269
270 277
270 281
270 284
272 273
272 357
273 357
277 281
277 284
278 279
281 284
282 283
285 286
285 309
285 310
285 311
286 309
286 310
286 311
287 288
289 412
289 446
297 298
297 299
297 416
298 299
300 301
309 310
309 311
310 311
315 316
318 319
320 321
322 404
322 425
328 329
328 330
329 330
336 337
336 384
336 385
339 340
339 368
339 369
340 368
340 369
345 346
345 347
345 348
345 349
345 394
346 347
346 348
346 349
346 394
347 348
347 349
347 394
348 349
348 394
349 394
350 351
350 352
351 352
358 359
362 363
364 365
364 366
364 367
365 366
365 367
366 367
368 369
370 371
370 372
370 373
370 374
371 372
371 373
371 374
372 373
372 374
373 374
377 378
381 382
384 385
387 388
387 389
388 389
392 393
397 399
400 401
400 402
401 402
406 407
406 408
406 409
406 410
407 408
407 409
407 410
408 409
408 410
409 410
412 446
418 419
422 423
422 424
423 424
426 427
426 430
427 430
433 434
436 437
436 438
436 439
436 440
437 438
437 439
437 440
438 439
438 440
439 440
442 443
