source	target	weight
0	1	304.0
0	764	2.0
0	561	5.0
0	14	1.0
0	5	9.0
0	6	19.0
0	7	8.0
0	8	17.0
0	9	2.0
0	3	87.0
0	206	5.0
0	708	2.0
0	16	22.0
0	39	21.0
0	91	4.0
0	12	14.0
0	145	5.0
0	335	2.0
0	336	2.0
0	2	38.0
0	100	5.0
0	122	1.0
0	140	1.0
0	207	1.0
0	224	1.0
0	309	1.0
0	310	1.0
0	360	5.0
0	24	16.0
0	25	1.0
0	26	3.0
0	27	7.0
0	28	5.0
0	29	2.0
0	30	1.0
0	31	1.0
0	32	72.0
0	33	24.0
0	34	1.0
0	249	2.0
0	42	1.0
0	56	1.0
0	57	1.0
0	58	3.0
0	59	1.0
0	60	1.0
0	43	2.0
0	45	9.0
0	35	61.0
0	47	5.0
0	70	27.0
0	48	8.0
0	52	1.0
0	481	2.0
0	479	1.0
0	65	1.0
0	66	3.0
0	67	1.0
0	40	17.0
0	75	4.0
0	341	2.0
0	79	13.0
0	37	5.0
0	38	12.0
0	62	45.0
0	80	2.0
0	36	1.0
0	81	3.0
0	82	1.0
0	255	1.0
0	572	1.0
0	84	27.0
0	85	1.0
0	86	5.0
0	87	6.0
0	453	2.0
0	41	21.0
0	92	1.0
0	93	1.0
0	97	2.0
0	119	15.0
0	105	15.0
0	121	1.0
0	99	1.0
0	157	13.0
0	106	2.0
0	94	11.0
0	110	1.0
0	113	1.0
0	115	1.0
0	116	11.0
0	118	2.0
0	703	2.0
0	557	3.0
0	123	1.0
0	124	1.0
0	125	1.0
0	126	19.0
0	22	2.0
0	76	2.0
0	142	2.0
0	275	2.0
0	634	3.0
0	11	4.0
0	400	3.0
0	401	3.0
0	306	8.0
0	156	8.0
0	143	4.0
0	345	3.0
0	158	1.0
0	185	4.0
0	237	2.0
0	238	3.0
0	367	10.0
0	174	1.0
0	349	1.0
0	348	3.0
0	179	1.0
0	180	1.0
0	183	7.0
0	187	4.0
0	188	2.0
0	569	2.0
0	191	2.0
0	192	1.0
0	193	1.0
0	202	5.0
0	204	2.0
0	484	3.0
0	205	1.0
0	21	1.0
0	210	1.0
0	369	1.0
0	220	4.0
0	221	2.0
0	222	2.0
0	282	4.0
0	225	2.0
0	161	1.0
0	164	4.0
0	226	1.0
0	434	2.0
0	516	2.0
0	421	2.0
0	49	1.0
0	50	1.0
0	229	1.0
0	235	1.0
0	236	3.0
0	316	1.0
0	317	1.0
0	239	2.0
0	243	6.0
0	247	1.0
0	252	3.0
0	443	1.0
0	444	1.0
0	257	1.0
0	258	2.0
0	297	1.0
0	873	1.0
0	874	1.0
0	875	1.0
0	259	3.0
0	241	9.0
0	357	2.0
0	358	2.0
0	147	2.0
0	277	19.0
0	278	1.0
0	280	1.0
0	281	1.0
0	292	2.0
0	293	2.0
0	294	2.0
0	305	11.0
0	307	1.0
0	308	4.0
0	311	4.0
0	312	1.0
0	313	1.0
0	314	5.0
0	315	11.0
0	668	2.0
0	319	1.0
0	362	2.0
0	427	1.0
0	428	1.0
0	320	1.0
0	321	1.0
0	322	1.0
0	326	5.0
0	327	1.0
0	324	10.0
0	201	2.0
0	334	1.0
0	248	2.0
0	504	2.0
0	813	2.0
0	339	1.0
0	340	1.0
0	352	1.0
0	353	1.0
0	354	1.0
0	356	1.0
0	372	1.0
0	233	6.0
0	15	13.0
0	435	4.0
0	436	7.0
0	454	4.0
0	399	8.0
0	732	3.0
0	265	1.0
0	264	3.0
0	866	2.0
0	368	1.0
0	375	2.0
0	383	1.0
0	384	1.0
0	385	2.0
0	10	3.0
0	386	1.0
0	445	1.0
0	160	4.0
0	424	2.0
0	388	1.0
0	439	1.0
0	526	1.0
0	527	1.0
0	528	1.0
0	393	1.0
0	394	2.0
0	404	1.0
0	405	1.0
0	412	1.0
0	413	1.0
0	414	1.0
0	693	3.0
0	425	4.0
0	429	2.0
0	692	2.0
0	13	5.0
0	815	2.0
0	867	2.0
0	194	1.0
0	195	1.0
0	196	1.0
0	197	1.0
0	198	1.0
0	199	1.0
0	260	1.0
0	261	1.0
0	262	1.0
0	263	1.0
0	285	1.0
0	286	1.0
0	287	2.0
0	288	1.0
0	289	1.0
0	290	1.0
0	291	1.0
0	440	2.0
0	441	1.0
0	442	1.0
0	855	1.0
0	856	1.0
0	857	1.0
0	447	1.0
0	448	1.0
0	449	1.0
0	450	3.0
0	451	1.0
0	468	1.0
0	455	1.0
0	457	4.0
0	459	2.0
0	460	4.0
0	792	2.0
0	793	2.0
0	461	1.0
0	464	1.0
0	465	2.0
0	466	1.0
0	467	1.0
0	472	5.0
0	475	1.0
0	476	2.0
0	477	4.0
0	689	3.0
0	478	2.0
0	4	1.0
0	576	1.0
0	760	1.0
0	487	1.0
0	490	1.0
0	796	1.0
0	494	1.0
0	495	1.0
0	496	1.0
0	499	1.0
0	318	1.0
0	500	1.0
0	501	1.0
0	728	1.0
0	729	1.0
0	730	1.0
0	437	3.0
0	506	2.0
0	507	1.0
0	509	1.0
0	103	1.0
0	512	1.0
0	513	1.0
0	514	2.0
0	517	1.0
0	518	1.0
0	519	2.0
0	520	1.0
0	524	1.0
0	525	1.0
0	529	1.0
0	530	2.0
0	535	1.0
0	536	1.0
0	537	1.0
0	538	1.0
0	539	1.0
0	540	1.0
0	753	1.0
0	549	1.0
0	550	1.0
0	673	1.0
0	431	1.0
0	555	1.0
0	556	1.0
0	560	1.0
0	649	1.0
0	568	1.0
0	577	1.0
0	430	1.0
0	578	1.0
0	579	1.0
0	722	1.0
0	589	1.0
0	590	1.0
0	591	1.0
0	592	1.0
0	593	1.0
0	595	1.0
0	596	1.0
0	69	2.0
0	107	1.0
0	598	2.0
0	295	2.0
0	633	2.0
0	600	2.0
0	601	1.0
0	602	1.0
0	612	1.0
0	230	1.0
0	613	2.0
0	603	1.0
0	773	1.0
0	614	1.0
0	46	2.0
0	620	1.0
0	759	1.0
0	485	1.0
0	621	1.0
0	623	1.0
0	624	1.0
0	629	1.0
0	669	1.0
0	670	1.0
0	630	1.0
0	631	1.0
0	632	1.0
0	635	1.0
0	636	1.0
0	637	1.0
0	638	1.0
0	655	2.0
0	712	1.0
0	713	1.0
0	714	1.0
0	642	1.0
0	269	1.0
0	657	1.0
0	643	1.0
0	648	1.0
0	146	1.0
0	656	1.0
0	416	1.0
0	298	1.0
0	515	1.0
0	843	1.0
0	667	1.0
0	574	2.0
0	715	1.0
0	671	1.0
0	599	1.0
0	694	1.0
0	680	1.0
0	488	1.0
0	683	1.0
0	684	1.0
0	685	1.0
0	690	1.0
0	691	1.0
0	573	1.0
0	678	1.0
0	679	1.0
0	364	1.0
0	90	1.0
0	697	1.0
0	698	2.0
0	666	1.0
0	240	1.0
0	661	1.0
0	662	1.0
0	704	2.0
0	711	1.0
0	717	1.0
0	346	1.0
0	724	1.0
0	387	1.0
0	725	1.0
0	726	1.0
0	727	1.0
0	731	1.0
0	463	2.0
0	735	1.0
0	736	1.0
0	737	1.0
0	710	1.0
0	739	1.0
0	740	1.0
0	618	1.0
0	846	1.0
0	847	1.0
0	747	1.0
0	266	2.0
0	271	1.0
0	751	1.0
0	844	1.0
0	752	1.0
0	801	1.0
0	754	1.0
0	755	1.0
0	845	1.0
0	761	1.0
0	580	1.0
0	433	1.0
0	486	1.0
0	768	1.0
0	788	1.0
0	770	1.0
0	771	1.0
0	772	1.0
0	774	1.0
0	798	1.0
0	787	1.0
0	795	1.0
0	802	1.0
0	803	1.0
0	804	1.0
0	809	1.0
0	63	1.0
0	818	1.0
0	822	1.0
0	823	1.0
0	824	1.0
0	719	1.0
0	794	1.0
0	830	1.0
0	842	1.0
0	850	1.0
0	492	1.0
0	854	1.0
0	864	1.0
0	865	1.0
0	705	1.0
0	171	1.0
0	869	1.0
0	870	1.0
0	876	1.0
0	877	1.0
0	878	1.0
0	879	1.0
0	880	1.0
0	881	1.0
0	882	1.0
0	883	1.0
0	885	1.0
0	886	1.0
0	889	1.0
0	891	1.0
0	785	1.0
1	2	37.0
1	3	58.0
1	15	2.0
1	100	2.0
1	122	1.0
1	140	1.0
1	207	1.0
1	224	1.0
1	309	1.0
1	310	1.0
1	40	5.0
1	373	1.0
1	28	7.0
1	29	1.0
1	30	1.0
1	31	1.0
1	47	1.0
1	12	12.0
1	33	10.0
1	70	11.0
1	682	2.0
1	233	8.0
1	32	36.0
1	16	22.0
1	36	2.0
1	81	2.0
1	5	4.0
1	82	2.0
1	255	2.0
1	572	2.0
1	94	2.0
1	346	2.0
1	347	1.0
1	363	1.0
1	364	1.0
1	365	1.0
1	90	1.0
1	769	1.0
1	106	2.0
1	35	34.0
1	41	9.0
1	236	1.0
1	316	1.0
1	317	1.0
1	109	1.0
1	62	21.0
1	119	4.0
1	120	1.0
1	121	1.0
1	76	2.0
1	142	2.0
1	275	2.0
1	634	2.0
1	11	8.0
1	400	2.0
1	401	2.0
1	84	4.0
1	306	2.0
1	156	9.0
1	123	1.0
1	124	1.0
1	125	1.0
1	126	6.0
1	46	3.0
1	127	1.0
1	22	3.0
1	116	7.0
1	138	2.0
1	139	2.0
1	144	2.0
1	145	6.0
1	146	2.0
1	625	2.0
1	537	2.0
1	264	4.0
1	815	2.0
1	867	2.0
1	348	2.0
1	179	1.0
1	180	1.0
1	183	4.0
1	159	1.0
1	48	2.0
1	137	2.0
1	21	2.0
1	232	1.0
1	204	2.0
1	484	2.0
1	366	1.0
1	10	2.0
1	239	1.0
1	271	1.0
1	254	1.0
1	259	2.0
1	241	7.0
1	148	2.0
1	707	1.0
1	265	2.0
1	8	4.0
1	277	10.0
1	303	1.0
1	677	1.0
1	307	1.0
1	312	2.0
1	322	1.0
1	324	12.0
1	157	4.0
1	248	2.0
1	504	2.0
1	813	2.0
1	337	1.0
1	447	1.0
1	613	1.0
1	775	1.0
1	372	1.0
1	258	1.0
1	44	1.0
1	371	1.0
1	375	2.0
1	385	1.0
1	393	1.0
1	367	2.0
1	604	2.0
1	605	2.0
1	606	2.0
1	607	2.0
1	410	1.0
1	383	1.0
1	384	1.0
1	431	2.0
1	58	2.0
1	172	1.0
1	173	1.0
1	143	3.0
1	440	1.0
1	457	4.0
1	6	2.0
1	27	1.0
1	479	2.0
1	468	1.0
1	472	5.0
1	389	1.0
1	390	1.0
1	473	1.0
1	490	1.0
1	796	1.0
1	499	1.0
1	187	2.0
1	512	1.0
1	243	2.0
1	86	2.0
1	87	2.0
1	517	1.0
1	518	1.0
1	315	5.0
1	523	1.0
1	594	1.0
1	524	1.0
1	399	1.0
1	39	3.0
1	540	1.0
1	561	3.0
1	13	2.0
1	784	1.0
1	356	1.0
1	334	1.0
1	430	1.0
1	578	1.0
1	579	1.0
1	580	1.0
1	433	1.0
1	164	2.0
1	486	1.0
1	722	1.0
1	458	1.0
1	588	1.0
1	374	1.0
1	602	1.0
1	436	1.0
1	273	1.0
1	610	1.0
1	614	1.0
1	191	1.0
1	669	1.0
1	670	1.0
1	519	1.0
1	746	1.0
1	202	2.0
1	252	2.0
1	443	1.0
1	444	1.0
1	416	1.0
1	599	2.0
1	666	1.0
1	715	1.0
1	206	1.0
1	708	1.0
1	494	1.0
1	495	1.0
1	496	1.0
1	7	4.0
1	658	1.0
1	674	1.0
1	758	1.0
1	24	1.0
1	693	1.0
1	45	1.0
1	603	1.0
1	773	1.0
1	325	1.0
1	593	1.0
1	282	1.0
1	717	1.0
1	175	2.0
1	799	1.0
1	800	1.0
1	627	1.0
1	718	1.0
1	38	2.0
1	743	1.0
1	618	1.0
1	266	1.0
1	474	1.0
1	655	1.0
1	675	1.0
1	314	2.0
1	668	1.0
1	761	1.0
1	762	1.0
1	764	1.0
1	9	1.0
1	732	1.0
1	752	1.0
1	801	1.0
1	788	1.0
1	719	1.0
1	794	1.0
1	514	1.0
1	79	1.0
1	802	1.0
1	803	1.0
1	506	1.0
1	804	1.0
1	434	1.0
1	810	1.0
1	63	2.0
1	811	1.0
1	394	1.0
1	814	1.0
1	391	1.0
1	817	1.0
1	574	1.0
1	256	1.0
1	830	1.0
1	308	1.0
1	465	1.0
1	362	1.0
1	551	1.0
1	552	1.0
1	853	1.0
1	200	1.0
1	889	1.0
1	891	1.0
2	3	13.0
2	100	2.0
2	122	2.0
2	140	2.0
2	207	2.0
2	224	2.0
2	309	2.0
2	310	2.0
2	12	2.0
2	13	1.0
2	40	3.0
2	75	2.0
2	43	1.0
2	341	1.0
2	360	1.0
2	16	3.0
2	116	3.0
2	609	1.0
2	463	4.0
2	41	4.0
2	157	4.0
2	8	3.0
2	81	2.0
2	735	2.0
2	277	3.0
2	385	1.0
2	10	1.0
2	126	1.0
2	32	3.0
2	15	1.0
2	430	1.0
2	62	3.0
2	578	1.0
2	579	1.0
2	587	1.0
2	614	1.0
2	599	1.0
2	699	1.0
2	700	1.0
2	701	1.0
2	593	1.0
2	35	4.0
2	630	1.0
2	631	1.0
2	632	1.0
2	633	1.0
2	634	2.0
2	635	1.0
2	636	1.0
2	637	1.0
2	638	1.0
2	655	1.0
2	712	1.0
2	713	1.0
2	714	1.0
2	241	1.0
2	282	1.0
2	233	1.0
2	38	1.0
2	76	1.0
2	142	1.0
2	275	1.0
2	11	2.0
2	400	1.0
2	401	1.0
2	84	1.0
2	306	1.0
2	156	1.0
2	94	1.0
2	762	1.0
2	46	1.0
2	784	1.0
2	356	1.0
2	810	1.0
2	63	1.0
2	39	2.0
2	752	1.0
2	801	1.0
2	346	1.0
3	16	7.0
3	202	1.0
3	43	2.0
3	233	2.0
3	32	9.0
3	40	14.0
3	45	5.0
3	35	15.0
3	62	5.0
3	63	2.0
3	64	1.0
3	75	2.0
3	341	1.0
3	360	1.0
3	97	1.0
3	342	1.0
3	108	1.0
3	119	3.0
3	120	1.0
3	121	1.0
3	76	2.0
3	142	2.0
3	41	3.0
3	275	2.0
3	634	3.0
3	11	2.0
3	400	2.0
3	401	2.0
3	84	7.0
3	306	2.0
3	156	2.0
3	144	2.0
3	12	9.0
3	145	2.0
3	33	9.0
3	146	3.0
3	625	2.0
3	537	2.0
3	70	2.0
3	39	6.0
3	189	1.0
3	190	1.0
3	220	4.0
3	221	2.0
3	222	2.0
3	91	2.0
3	370	2.0
3	247	1.0
3	116	4.0
3	256	1.0
3	22	1.0
3	270	1.0
3	276	1.0
3	318	2.0
3	500	2.0
3	501	2.0
3	728	2.0
3	729	2.0
3	730	2.0
3	277	4.0
3	259	1.0
3	350	1.0
3	463	2.0
3	157	2.0
3	8	1.0
3	81	1.0
3	735	1.0
3	391	1.0
3	817	1.0
3	241	3.0
3	413	1.0
3	622	2.0
3	15	4.0
3	435	3.0
3	436	4.0
3	454	4.0
3	348	3.0
3	399	6.0
3	732	2.0
3	183	2.0
3	5	2.0
3	6	3.0
3	24	2.0
3	94	4.0
3	346	2.0
3	347	2.0
3	363	2.0
3	364	2.0
3	365	2.0
3	90	2.0
3	769	2.0
3	264	1.0
3	815	1.0
3	867	1.0
3	27	1.0
3	389	1.0
3	390	1.0
3	473	1.0
3	475	1.0
3	476	1.0
3	480	1.0
3	434	2.0
3	324	1.0
3	315	2.0
3	273	1.0
3	610	1.0
3	187	3.0
3	512	1.0
3	206	1.0
3	708	1.0
3	46	1.0
3	543	1.0
3	544	1.0
3	548	1.0
3	126	3.0
3	566	1.0
3	282	1.0
3	573	1.0
3	574	1.0
3	238	1.0
3	575	1.0
3	4	1.0
3	10	1.0
3	576	1.0
3	760	1.0
3	577	1.0
3	587	1.0
3	593	1.0
3	374	1.0
3	655	2.0
3	100	1.0
3	843	1.0
3	561	1.0
3	715	1.0
3	550	1.0
3	673	1.0
3	484	1.0
3	678	1.0
3	679	1.0
3	164	1.0
3	188	1.0
3	695	1.0
3	38	1.0
3	58	1.0
3	630	1.0
3	631	1.0
3	632	1.0
3	633	1.0
3	635	1.0
3	636	1.0
3	637	1.0
3	638	1.0
3	712	1.0
3	713	1.0
3	714	1.0
3	266	3.0
3	279	1.0
3	265	1.0
3	143	1.0
3	644	1.0
3	645	1.0
3	646	1.0
3	647	1.0
3	254	1.0
3	844	1.0
3	620	1.0
3	759	1.0
3	770	1.0
3	771	1.0
3	772	1.0
3	776	1.0
3	79	1.0
3	797	1.0
3	808	1.0
3	810	1.0
3	200	1.0
4	10	1.0
4	94	1.0
4	576	1.0
4	760	1.0
5	6	6.0
5	7	4.0
5	36	1.0
5	81	1.0
5	82	1.0
5	255	1.0
5	572	1.0
5	308	1.0
5	465	1.0
5	15	2.0
5	435	1.0
5	436	2.0
5	33	1.0
5	454	2.0
5	40	2.0
5	348	1.0
5	399	1.0
5	732	1.0
5	39	1.0
5	183	1.0
5	62	1.0
5	24	1.0
5	35	1.0
6	7	4.0
6	94	4.0
6	119	4.0
6	258	1.0
6	27	4.0
6	326	4.0
6	8	3.0
6	364	1.0
6	90	1.0
6	41	2.0
6	28	1.0
6	62	2.0
6	513	1.0
6	519	1.0
6	450	2.0
6	520	1.0
6	69	2.0
6	107	1.0
6	598	1.0
6	295	1.0
6	35	2.0
6	277	1.0
6	633	1.0
6	876	1.0
6	877	1.0
6	878	1.0
6	698	1.0
6	26	2.0
6	864	1.0
6	865	1.0
6	15	2.0
6	435	1.0
6	436	2.0
6	33	1.0
6	454	2.0
6	40	2.0
6	348	1.0
6	399	1.0
6	732	1.0
6	39	1.0
6	183	1.0
6	24	1.0
7	35	1.0
7	240	1.0
7	319	1.0
7	37	1.0
7	362	1.0
7	427	1.0
7	428	1.0
7	39	1.0
7	79	1.0
7	33	1.0
7	116	1.0
7	70	1.0
7	62	1.0
7	816	1.0
7	32	1.0
7	12	1.0
7	863	1.0
8	9	1.0
8	292	2.0
8	293	2.0
8	294	2.0
8	38	4.0
8	41	4.0
8	265	1.0
8	264	1.0
8	233	1.0
8	326	1.0
8	364	1.0
8	90	1.0
8	28	1.0
8	35	2.0
8	62	1.0
8	614	1.0
8	463	2.0
8	157	2.0
8	40	1.0
8	81	2.0
8	735	1.0
8	277	1.0
8	802	1.0
8	803	1.0
8	506	1.0
8	804	1.0
8	818	1.0
8	27	2.0
8	879	1.0
8	880	1.0
8	116	1.0
8	450	1.0
8	864	1.0
8	865	1.0
8	26	1.0
9	732	1.0
9	277	1.0
10	94	1.0
10	576	1.0
10	760	1.0
10	296	1.0
10	338	1.0
10	366	1.0
10	385	1.0
10	432	1.0
10	134	1.0
10	489	1.0
10	39	1.0
10	55	1.0
10	109	1.0
10	46	1.0
10	22	1.0
11	148	2.0
11	707	1.0
11	186	1.0
11	893	1.0
11	21	1.0
11	355	1.0
11	277	1.0
11	236	1.0
11	410	1.0
11	346	1.0
11	116	1.0
11	16	1.0
11	658	1.0
11	674	1.0
11	758	1.0
11	76	1.0
11	142	1.0
11	41	1.0
11	275	1.0
11	634	1.0
11	35	1.0
11	400	1.0
11	401	1.0
11	84	1.0
11	306	1.0
11	156	1.0
11	743	1.0
12	13	1.0
12	47	1.0
12	33	6.0
12	70	1.0
12	39	4.0
12	91	1.0
12	145	4.0
12	335	1.0
12	336	1.0
12	144	1.0
12	146	1.0
12	625	1.0
12	537	1.0
12	200	2.0
12	35	8.0
12	348	2.0
12	247	1.0
12	116	1.0
12	277	2.0
12	337	1.0
12	447	1.0
12	613	1.0
12	775	1.0
12	32	3.0
12	79	1.0
12	339	1.0
12	340	1.0
12	46	1.0
12	461	1.0
12	566	1.0
12	399	1.0
12	233	1.0
12	434	1.0
12	87	1.0
12	516	1.0
12	256	1.0
12	697	1.0
12	698	1.0
12	666	1.0
12	201	1.0
12	126	1.0
12	24	1.0
12	580	1.0
12	433	1.0
12	164	1.0
12	486	1.0
12	816	1.0
12	863	1.0
15	128	1.0
15	129	1.0
15	130	1.0
15	131	1.0
15	35	3.0
15	182	1.0
15	435	2.0
15	436	4.0
15	33	2.0
15	454	4.0
15	40	4.0
15	348	2.0
15	399	2.0
15	732	2.0
15	39	2.0
15	183	2.0
15	62	2.0
15	24	2.0
15	84	1.0
15	126	4.0
15	157	1.0
15	41	1.0
15	32	2.0
16	106	1.0
16	53	1.0
16	20	1.0
16	105	1.0
16	241	4.0
16	40	2.0
16	35	1.0
16	359	1.0
16	21	1.0
16	374	1.0
16	233	1.0
16	32	2.0
16	346	1.0
16	116	1.0
16	680	1.0
16	325	1.0
16	717	1.0
16	598	1.0
16	387	1.0
16	725	1.0
16	726	1.0
16	727	1.0
16	315	1.0
16	63	1.0
16	126	1.0
16	62	1.0
16	457	2.0
17	22	1.0
17	702	1.0
18	641	1.0
19	51	1.0
19	859	1.0
21	62	1.0
21	157	1.0
21	37	1.0
21	232	1.0
21	355	1.0
21	22	1.0
21	359	1.0
22	482	1.0
22	256	1.0
22	126	1.0
22	94	1.0
22	881	1.0
22	45	1.0
22	702	1.0
22	283	2.0
22	399	1.0
22	617	1.0
22	812	1.0
22	558	1.0
22	559	1.0
22	55	1.0
22	109	1.0
22	46	1.0
22	825	1.0
24	25	1.0
24	26	1.0
24	27	1.0
24	48	1.0
24	311	4.0
24	32	5.0
24	33	3.0
24	345	1.0
24	324	1.0
24	75	1.0
24	693	1.0
24	488	1.0
24	41	1.0
24	683	1.0
24	277	1.0
24	684	1.0
24	685	1.0
24	45	1.0
24	436	3.0
24	126	1.0
24	39	2.0
24	62	2.0
24	47	1.0
24	38	1.0
24	35	2.0
24	435	1.0
24	454	2.0
24	40	2.0
24	348	1.0
24	399	1.0
24	732	1.0
24	183	1.0
25	26	1.0
25	27	1.0
26	27	4.0
26	372	1.0
26	450	1.0
26	864	1.0
26	865	1.0
26	876	1.0
26	877	1.0
26	878	1.0
26	698	1.0
27	258	1.0
27	372	1.0
27	818	1.0
27	81	1.0
27	157	1.0
27	876	1.0
27	877	1.0
27	878	1.0
27	698	1.0
27	450	1.0
27	864	1.0
27	865	1.0
28	29	2.0
28	30	1.0
28	31	1.0
28	682	2.0
28	41	2.0
28	236	1.0
28	316	1.0
28	317	1.0
28	315	1.0
28	364	1.0
28	90	1.0
28	891	1.0
29	30	1.0
29	31	1.0
29	315	1.0
30	31	1.0
32	40	3.0
32	433	2.0
32	137	1.0
32	119	2.0
32	105	1.0
32	121	1.0
32	84	2.0
32	70	3.0
32	332	2.0
32	333	4.0
32	47	2.0
32	706	2.0
32	183	2.0
32	233	5.0
32	270	1.0
32	305	4.0
32	306	2.0
32	311	4.0
32	239	1.0
32	313	1.0
32	48	1.0
32	157	5.0
32	79	1.0
32	339	1.0
32	33	8.0
32	39	2.0
32	340	1.0
32	354	1.0
32	52	2.0
32	481	2.0
32	391	2.0
32	817	2.0
32	367	2.0
32	126	1.0
32	315	4.0
32	475	1.0
32	476	2.0
32	156	2.0
32	434	1.0
32	41	2.0
32	503	2.0
32	529	1.0
32	530	1.0
32	514	2.0
32	539	1.0
32	161	2.0
32	162	1.0
32	163	1.0
32	164	3.0
32	165	1.0
32	166	1.0
32	167	1.0
32	348	1.0
32	314	1.0
32	580	1.0
32	486	1.0
32	65	1.0
32	615	1.0
32	458	1.0
32	561	1.0
32	715	1.0
32	62	1.0
32	689	1.0
32	798	1.0
32	45	1.0
32	436	1.0
32	241	1.0
32	282	1.0
32	460	1.0
32	623	1.0
32	624	1.0
32	731	1.0
32	266	1.0
32	751	1.0
32	600	1.0
32	810	1.0
32	63	1.0
32	814	1.0
32	816	1.0
32	863	1.0
32	819	1.0
32	429	1.0
32	820	1.0
32	821	1.0
32	574	1.0
32	840	1.0
33	34	1.0
33	249	1.0
33	47	1.0
33	70	2.0
33	84	2.0
33	85	1.0
33	86	6.0
33	87	6.0
33	453	2.0
33	144	2.0
33	145	2.0
33	146	2.0
33	625	2.0
33	537	2.0
33	247	1.0
33	116	2.0
33	202	1.0
33	79	2.0
33	339	1.0
33	39	4.0
33	340	1.0
33	345	1.0
33	241	1.0
33	435	1.0
33	436	2.0
33	454	3.0
33	40	3.0
33	348	1.0
33	399	1.0
33	732	1.0
33	183	1.0
33	62	1.0
33	35	1.0
33	488	1.0
33	41	1.0
33	683	1.0
33	277	2.0
33	684	1.0
33	685	1.0
33	243	2.0
33	517	1.0
33	518	1.0
33	540	1.0
33	161	2.0
33	162	1.0
33	163	1.0
33	164	2.0
33	165	1.0
33	166	1.0
33	167	1.0
33	282	1.0
33	573	1.0
33	574	1.0
33	238	1.0
33	575	1.0
33	514	1.0
33	157	2.0
33	52	1.0
33	481	1.0
33	447	1.0
33	613	1.0
33	315	2.0
33	580	1.0
33	433	1.0
33	486	1.0
33	809	1.0
34	249	1.0
35	45	2.0
35	78	1.0
35	342	2.0
35	39	10.0
35	111	2.0
35	112	4.0
35	274	2.0
35	415	2.0
35	493	2.0
35	597	3.0
35	160	2.0
35	128	1.0
35	129	1.0
35	130	1.0
35	131	1.0
35	182	1.0
35	156	4.0
35	219	1.0
35	187	1.0
35	188	1.0
35	46	3.0
35	127	1.0
35	225	2.0
35	161	1.0
35	164	1.0
35	226	1.0
35	240	1.0
35	267	1.0
35	268	1.0
35	312	1.0
35	277	7.0
35	248	2.0
35	504	2.0
35	813	2.0
35	41	5.0
35	424	1.0
35	468	1.0
35	143	2.0
35	461	1.0
35	499	1.0
35	318	1.0
35	500	1.0
35	501	1.0
35	728	1.0
35	729	1.0
35	730	1.0
35	507	1.0
35	377	1.0
35	378	1.0
35	379	1.0
35	380	1.0
35	381	1.0
35	382	1.0
35	396	2.0
35	397	2.0
35	398	2.0
35	406	1.0
35	407	2.0
35	408	2.0
35	409	1.0
35	417	2.0
35	471	1.0
35	483	1.0
35	491	1.0
35	531	1.0
35	216	1.0
35	532	1.0
35	533	1.0
35	534	1.0
35	563	1.0
35	100	1.0
35	69	2.0
35	107	1.0
35	598	1.0
35	295	1.0
35	633	2.0
35	612	1.0
35	238	1.0
35	230	1.0
35	630	1.0
35	631	1.0
35	632	1.0
35	634	2.0
35	635	1.0
35	636	1.0
35	637	1.0
35	638	1.0
35	655	1.0
35	712	1.0
35	75	1.0
35	713	1.0
35	714	1.0
35	599	1.0
35	62	4.0
35	202	1.0
35	667	1.0
35	574	1.0
35	573	1.0
35	40	3.0
35	38	2.0
35	697	1.0
35	698	1.0
35	666	1.0
35	145	1.0
35	561	1.0
35	736	1.0
35	737	1.0
35	710	1.0
35	752	1.0
35	801	1.0
35	116	1.0
35	76	1.0
35	142	1.0
35	275	1.0
35	400	1.0
35	401	1.0
35	84	1.0
35	306	1.0
35	434	1.0
35	802	1.0
35	803	1.0
35	506	1.0
35	804	1.0
35	822	1.0
35	826	1.0
35	827	1.0
35	828	1.0
35	871	1.0
35	830	1.0
35	47	1.0
35	200	1.0
35	348	2.0
35	435	1.0
35	436	2.0
35	454	2.0
35	399	1.0
35	732	1.0
35	183	1.0
35	890	1.0
36	81	1.0
36	82	1.0
36	255	1.0
36	572	1.0
37	38	1.0
37	62	3.0
37	80	1.0
37	157	1.0
37	319	1.0
37	362	1.0
37	427	1.0
37	428	1.0
37	39	1.0
37	126	1.0
37	92	1.0
37	93	1.0
38	62	5.0
38	80	1.0
38	158	1.0
38	292	2.0
38	293	2.0
38	294	2.0
38	41	2.0
38	40	1.0
38	277	2.0
38	47	1.0
39	91	1.0
39	145	2.0
39	335	1.0
39	336	1.0
39	70	1.0
39	211	2.0
39	212	4.0
39	213	2.0
39	214	2.0
39	215	2.0
39	216	4.0
39	217	2.0
39	218	4.0
39	582	2.0
39	583	2.0
39	584	2.0
39	585	2.0
39	586	2.0
39	79	1.0
39	339	1.0
39	340	1.0
39	377	2.0
39	378	2.0
39	379	2.0
39	380	2.0
39	381	2.0
39	382	2.0
39	396	4.0
39	397	4.0
39	398	4.0
39	406	2.0
39	407	4.0
39	408	4.0
39	409	2.0
39	417	4.0
39	471	2.0
39	483	2.0
39	491	2.0
39	531	2.0
39	532	2.0
39	533	2.0
39	534	2.0
39	563	2.0
39	319	1.0
39	362	1.0
39	427	1.0
39	428	1.0
39	480	1.0
39	243	1.0
39	87	1.0
39	86	1.0
39	277	1.0
39	540	1.0
39	40	3.0
39	282	1.0
39	573	1.0
39	574	1.0
39	238	1.0
39	575	1.0
39	697	1.0
39	698	1.0
39	666	1.0
39	126	1.0
39	435	1.0
39	436	2.0
39	454	2.0
39	348	1.0
39	399	1.0
39	732	1.0
39	183	1.0
39	62	1.0
39	787	1.0
39	822	1.0
39	160	1.0
39	119	2.0
39	597	1.0
39	826	1.0
39	827	1.0
39	828	1.0
39	871	1.0
39	842	1.0
39	266	1.0
39	844	1.0
39	225	1.0
39	84	1.0
39	882	1.0
39	883	1.0
40	46	1.0
40	543	1.0
40	544	1.0
40	75	1.0
40	43	1.0
40	341	1.0
40	360	1.0
40	295	1.0
40	118	1.0
40	785	1.0
40	233	1.0
40	435	2.0
40	436	4.0
40	454	4.0
40	348	2.0
40	399	2.0
40	732	2.0
40	183	2.0
40	62	2.0
40	475	1.0
40	476	1.0
40	282	1.0
40	573	1.0
40	574	1.0
40	238	1.0
40	575	1.0
40	469	1.0
40	367	1.0
40	613	1.0
40	277	2.0
40	463	2.0
40	41	1.0
40	157	1.0
40	81	1.0
40	735	1.0
40	740	1.0
40	243	1.0
41	69	2.0
41	107	1.0
41	598	1.0
41	295	1.0
41	277	4.0
41	633	1.0
41	236	1.0
41	316	1.0
41	317	1.0
41	70	2.0
41	76	1.0
41	142	1.0
41	275	1.0
41	634	1.0
41	400	1.0
41	401	1.0
41	84	1.0
41	306	1.0
41	156	1.0
41	437	2.0
41	157	3.0
41	364	1.0
41	90	1.0
41	488	1.0
41	683	1.0
41	684	1.0
41	685	1.0
41	434	1.0
41	503	1.0
41	79	2.0
41	463	2.0
41	81	1.0
41	735	1.0
41	46	1.0
41	599	1.0
41	62	1.0
41	719	1.0
41	794	1.0
41	143	1.0
41	292	1.0
41	293	1.0
41	294	1.0
42	56	1.0
42	57	1.0
42	58	1.0
42	59	1.0
42	60	1.0
43	75	1.0
43	341	1.0
43	360	1.0
45	220	4.0
45	221	2.0
45	222	2.0
45	91	2.0
45	324	1.0
45	84	2.0
45	436	1.0
45	126	1.0
45	94	1.0
45	881	1.0
45	890	1.0
46	543	1.0
46	544	1.0
46	127	1.0
46	599	1.0
46	62	1.0
46	55	1.0
46	109	1.0
46	94	1.0
46	762	1.0
47	70	1.0
47	201	1.0
47	206	1.0
47	332	1.0
47	333	2.0
47	706	1.0
47	62	1.0
47	367	2.0
47	866	1.0
48	62	1.0
49	50	1.0
49	229	1.0
50	229	1.0
51	859	1.0
52	481	1.0
55	109	1.0
56	57	1.0
56	58	1.0
56	59	1.0
56	60	1.0
57	58	1.0
57	59	1.0
57	60	1.0
58	59	1.0
58	60	1.0
58	431	1.0
58	434	1.0
58	516	1.0
59	60	1.0
62	63	1.0
62	64	1.0
62	80	1.0
62	174	1.0
62	157	3.0
62	239	1.0
62	393	1.0
62	477	1.0
62	689	3.0
62	100	1.0
62	513	1.0
62	326	1.0
62	360	1.0
62	437	1.0
62	430	1.0
62	578	1.0
62	579	1.0
62	614	1.0
62	399	2.0
62	642	1.0
62	599	1.0
62	156	2.0
62	798	1.0
62	116	1.0
62	277	1.0
62	435	1.0
62	436	2.0
62	454	2.0
62	348	1.0
62	732	1.0
62	183	1.0
63	64	1.0
63	810	1.0
65	615	1.0
65	742	1.0
66	67	1.0
66	157	1.0
66	535	1.0
69	107	2.0
69	598	2.0
69	295	2.0
69	277	2.0
69	633	2.0
70	110	1.0
70	348	2.0
70	386	1.0
70	445	1.0
70	160	1.0
70	94	1.0
70	79	3.0
70	116	1.0
70	770	1.0
70	771	1.0
70	772	1.0
71	72	1.0
71	73	1.0
71	74	1.0
72	73	1.0
72	74	1.0
73	74	1.0
75	341	1.0
75	360	1.0
75	324	1.0
75	711	1.0
75	156	1.0
75	630	1.0
75	631	1.0
75	632	1.0
75	633	1.0
75	634	1.0
75	635	1.0
75	636	1.0
75	637	1.0
75	638	1.0
75	655	1.0
75	712	1.0
75	713	1.0
75	714	1.0
76	142	1.0
76	275	1.0
76	634	1.0
76	400	1.0
76	401	1.0
76	84	1.0
76	306	1.0
76	156	1.0
77	168	1.0
77	562	1.0
79	339	1.0
79	340	1.0
79	282	2.0
79	497	1.0
79	116	1.0
80	210	1.0
80	369	1.0
81	82	1.0
81	255	1.0
81	572	1.0
81	463	2.0
81	157	2.0
81	735	1.0
81	277	1.0
81	818	1.0
82	255	1.0
82	572	1.0
83	502	1.0
84	85	1.0
84	86	1.0
84	87	1.0
84	453	2.0
84	315	1.0
84	399	2.0
84	601	1.0
84	277	1.0
84	142	1.0
84	275	1.0
84	634	1.0
84	400	1.0
84	401	1.0
84	306	1.0
84	156	1.0
84	882	1.0
84	883	1.0
85	86	1.0
85	87	1.0
85	453	1.0
86	87	6.0
86	453	1.0
86	202	1.0
86	241	1.0
86	243	2.0
86	517	1.0
86	518	1.0
86	277	1.0
86	540	1.0
86	447	1.0
86	454	1.0
86	613	1.0
87	453	1.0
87	202	1.0
87	241	1.0
87	434	1.0
87	516	1.0
87	243	2.0
87	517	1.0
87	518	1.0
87	277	1.0
87	540	1.0
87	447	1.0
87	454	1.0
87	613	1.0
88	89	1.0
88	90	1.0
89	90	1.0
90	94	1.0
90	346	1.0
90	347	1.0
90	363	1.0
90	364	2.0
90	365	1.0
90	769	1.0
91	145	2.0
91	335	1.0
91	336	1.0
91	220	2.0
91	221	1.0
91	222	1.0
92	93	1.0
94	346	1.0
94	347	1.0
94	363	1.0
94	364	1.0
94	365	1.0
94	769	1.0
94	119	4.0
94	187	1.0
94	399	1.0
94	386	1.0
94	445	1.0
94	160	1.0
94	576	1.0
94	760	1.0
94	266	1.0
94	762	1.0
94	126	1.0
94	881	1.0
97	194	1.0
97	195	1.0
97	196	1.0
97	197	1.0
97	198	1.0
97	199	1.0
97	260	1.0
97	261	1.0
97	262	1.0
97	263	1.0
97	285	1.0
97	286	1.0
97	287	1.0
97	288	1.0
97	289	1.0
97	290	1.0
97	291	1.0
97	440	1.0
97	441	1.0
97	442	1.0
97	252	1.0
97	855	1.0
97	856	1.0
97	857	1.0
98	571	1.0
100	122	1.0
100	140	1.0
100	207	1.0
100	224	1.0
100	309	1.0
100	310	1.0
100	277	1.0
100	595	1.0
100	596	1.0
100	655	1.0
100	843	1.0
103	104	1.0
103	172	1.0
103	605	1.0
103	606	1.0
103	607	1.0
103	604	1.0
103	234	2.0
104	172	1.0
104	605	1.0
104	606	1.0
104	607	1.0
104	604	1.0
105	119	5.0
105	121	1.0
105	692	1.0
106	362	1.0
107	598	1.0
107	295	1.0
107	277	1.0
107	633	1.0
109	756	1.0
109	757	1.0
111	112	2.0
111	274	1.0
111	415	1.0
111	493	1.0
111	597	1.0
112	274	2.0
112	415	2.0
112	493	2.0
112	597	2.0
115	116	1.0
116	202	2.0
116	252	1.0
116	443	1.0
116	444	1.0
116	247	1.0
116	622	1.0
116	464	1.0
116	465	1.0
116	466	1.0
116	467	1.0
116	389	1.0
116	390	1.0
116	473	1.0
116	346	1.0
116	506	1.0
116	752	1.0
116	801	1.0
116	879	1.0
116	880	1.0
118	295	1.0
118	785	1.0
119	120	1.0
119	121	2.0
119	368	1.0
119	692	1.0
119	842	1.0
120	121	1.0
122	140	1.0
122	207	1.0
122	224	1.0
122	309	1.0
122	310	1.0
123	124	1.0
123	125	1.0
124	125	1.0
126	360	2.0
126	254	1.0
126	808	1.0
126	881	1.0
128	129	1.0
128	130	1.0
128	131	1.0
128	182	1.0
129	130	1.0
129	131	1.0
129	182	1.0
130	131	1.0
130	182	1.0
131	182	1.0
132	133	1.0
132	134	1.0
132	135	1.0
132	136	1.0
133	134	1.0
133	135	1.0
133	136	1.0
134	135	1.0
134	136	1.0
134	432	1.0
134	489	1.0
135	136	1.0
136	172	1.0
138	139	1.0
140	207	1.0
140	224	1.0
140	309	1.0
140	310	1.0
142	275	1.0
142	634	1.0
142	400	1.0
142	401	1.0
142	306	1.0
142	156	1.0
143	279	1.0
143	265	1.0
143	719	1.0
143	794	1.0
144	145	1.0
144	146	1.0
144	625	1.0
144	537	1.0
145	146	1.0
145	625	1.0
145	537	1.0
145	335	2.0
145	336	2.0
145	256	1.0
146	625	1.0
146	537	1.0
147	357	1.0
147	358	1.0
148	707	1.0
148	658	1.0
148	674	1.0
148	758	1.0
149	150	1.0
149	151	1.0
149	152	1.0
149	153	1.0
149	154	1.0
149	155	1.0
150	151	1.0
150	152	1.0
150	153	1.0
150	154	1.0
150	155	1.0
151	152	1.0
151	153	1.0
151	154	1.0
151	155	1.0
152	153	1.0
152	154	1.0
152	155	1.0
153	154	1.0
153	155	1.0
154	155	1.0
156	219	1.0
156	711	1.0
156	277	1.0
156	275	1.0
156	634	1.0
156	400	1.0
156	401	1.0
156	306	1.0
157	599	1.0
157	315	2.0
157	535	1.0
157	463	2.0
157	735	1.0
157	277	1.0
157	430	1.0
157	578	1.0
157	579	1.0
157	514	1.0
157	818	1.0
160	386	1.0
160	445	1.0
160	822	1.0
161	162	2.0
161	163	2.0
161	164	3.0
161	165	2.0
161	166	2.0
161	167	2.0
161	225	1.0
161	226	1.0
162	163	1.0
162	164	1.0
162	165	1.0
162	166	1.0
162	167	1.0
163	164	1.0
163	165	1.0
163	166	1.0
163	167	1.0
164	165	1.0
164	166	1.0
164	167	1.0
164	225	1.0
164	226	1.0
164	580	1.0
164	433	1.0
164	486	1.0
164	678	1.0
164	679	1.0
164	187	1.0
164	188	1.0
164	574	1.0
165	166	1.0
165	167	1.0
166	167	1.0
168	562	1.0
169	170	1.0
169	171	1.0
170	171	1.0
171	704	1.0
171	705	1.0
171	869	1.0
171	870	1.0
172	173	1.0
172	605	1.0
172	606	1.0
172	607	1.0
172	604	1.0
172	567	1.0
177	178	1.0
179	180	1.0
181	744	1.0
181	745	1.0
183	435	1.0
183	436	2.0
183	454	2.0
183	348	1.0
183	399	1.0
183	732	1.0
185	237	2.0
185	238	2.0
185	367	2.0
186	893	1.0
187	188	2.0
187	512	1.0
187	252	1.0
187	603	1.0
187	773	1.0
187	678	1.0
187	679	1.0
188	678	1.0
188	679	1.0
189	190	1.0
191	192	1.0
191	193	1.0
191	669	1.0
191	670	1.0
191	519	1.0
192	193	1.0
194	195	1.0
194	196	1.0
194	197	1.0
194	198	1.0
194	199	1.0
194	260	1.0
194	261	1.0
194	262	1.0
194	263	1.0
194	285	1.0
194	286	1.0
194	287	1.0
194	288	1.0
194	289	1.0
194	290	1.0
194	291	1.0
194	440	1.0
194	441	1.0
194	442	1.0
194	252	1.0
194	855	1.0
194	856	1.0
194	857	1.0
195	196	1.0
195	197	1.0
195	198	1.0
195	199	1.0
195	260	1.0
195	261	1.0
195	262	1.0
195	263	1.0
195	285	1.0
195	286	1.0
195	287	1.0
195	288	1.0
195	289	1.0
195	290	1.0
195	291	1.0
195	440	1.0
195	441	1.0
195	442	1.0
195	252	1.0
195	855	1.0
195	856	1.0
195	857	1.0
196	197	1.0
196	198	1.0
196	199	1.0
196	260	1.0
196	261	1.0
196	262	1.0
196	263	1.0
196	285	1.0
196	286	1.0
196	287	1.0
196	288	1.0
196	289	1.0
196	290	1.0
196	291	1.0
196	440	1.0
196	441	1.0
196	442	1.0
196	252	1.0
196	855	1.0
196	856	1.0
196	857	1.0
197	198	1.0
197	199	1.0
197	260	1.0
197	261	1.0
197	262	1.0
197	263	1.0
197	285	1.0
197	286	1.0
197	287	1.0
197	288	1.0
197	289	1.0
197	290	1.0
197	291	1.0
197	440	1.0
197	441	1.0
197	442	1.0
197	252	1.0
197	855	1.0
197	856	1.0
197	857	1.0
198	199	1.0
198	260	1.0
198	261	1.0
198	262	1.0
198	263	1.0
198	285	1.0
198	286	1.0
198	287	1.0
198	288	1.0
198	289	1.0
198	290	1.0
198	291	1.0
198	440	1.0
198	441	1.0
198	442	1.0
198	252	1.0
198	855	1.0
198	856	1.0
198	857	1.0
199	260	1.0
199	261	1.0
199	262	1.0
199	263	1.0
199	285	1.0
199	286	1.0
199	287	1.0
199	288	1.0
199	289	1.0
199	290	1.0
199	291	1.0
199	440	1.0
199	441	1.0
199	442	1.0
199	252	1.0
199	855	1.0
199	856	1.0
199	857	1.0
200	348	1.0
201	206	1.0
202	252	2.0
202	443	2.0
202	444	2.0
202	667	1.0
204	484	1.0
206	708	1.0
207	224	1.0
207	309	1.0
207	310	1.0
210	369	1.0
211	212	2.0
211	213	1.0
211	214	1.0
211	215	1.0
211	216	1.0
211	217	1.0
211	218	2.0
211	582	1.0
211	583	1.0
211	584	1.0
211	585	1.0
211	586	1.0
212	213	2.0
212	214	2.0
212	215	2.0
212	216	2.0
212	217	2.0
212	218	4.0
212	582	2.0
212	583	2.0
212	584	2.0
212	585	2.0
212	586	2.0
213	214	1.0
213	215	1.0
213	216	1.0
213	217	1.0
213	218	2.0
213	582	1.0
213	583	1.0
213	584	1.0
213	585	1.0
213	586	1.0
214	215	1.0
214	216	1.0
214	217	1.0
214	218	2.0
214	582	1.0
214	583	1.0
214	584	1.0
214	585	1.0
214	586	1.0
215	216	1.0
215	217	1.0
215	218	2.0
215	582	1.0
215	583	1.0
215	584	1.0
215	585	1.0
215	586	1.0
216	217	1.0
216	218	2.0
216	582	1.0
216	583	1.0
216	584	1.0
216	585	1.0
216	586	1.0
216	377	1.0
216	378	1.0
216	379	1.0
216	380	1.0
216	381	1.0
216	382	1.0
216	396	2.0
216	397	2.0
216	398	2.0
216	406	1.0
216	407	2.0
216	408	2.0
216	409	1.0
216	417	2.0
216	471	1.0
216	483	1.0
216	491	1.0
216	531	1.0
216	532	1.0
216	533	1.0
216	534	1.0
216	563	1.0
217	218	2.0
217	582	1.0
217	583	1.0
217	584	1.0
217	585	1.0
217	586	1.0
218	582	2.0
218	583	2.0
218	584	2.0
218	585	2.0
218	586	2.0
220	221	2.0
220	222	3.0
220	616	1.0
220	709	1.0
220	710	1.0
220	287	1.0
220	782	1.0
220	783	1.0
221	222	1.0
222	616	1.0
222	709	1.0
222	710	1.0
222	287	1.0
222	782	1.0
222	783	1.0
224	309	1.0
224	310	1.0
225	226	1.0
230	231	1.0
230	612	1.0
230	238	1.0
233	265	1.0
233	264	1.0
233	324	2.0
233	241	1.0
233	282	1.0
233	566	1.0
233	399	1.0
233	840	1.0
234	741	1.0
236	316	1.0
236	317	1.0
236	277	1.0
237	238	1.0
237	367	1.0
238	367	1.0
238	282	1.0
238	573	1.0
238	574	1.0
238	575	1.0
238	612	1.0
239	313	1.0
241	282	1.0
243	517	1.0
243	518	1.0
243	277	1.0
243	540	1.0
243	740	1.0
244	841	1.0
245	246	1.0
248	504	1.0
248	813	1.0
251	351	1.0
252	443	1.0
252	444	1.0
252	260	1.0
252	261	1.0
252	262	1.0
252	263	1.0
252	285	1.0
252	286	1.0
252	287	1.0
252	288	1.0
252	289	1.0
252	290	1.0
252	291	1.0
252	440	1.0
252	441	1.0
252	442	1.0
252	855	1.0
252	856	1.0
252	857	1.0
252	603	1.0
252	773	1.0
255	572	1.0
259	676	1.0
259	394	1.0
260	261	1.0
260	262	1.0
260	263	1.0
260	285	1.0
260	286	1.0
260	287	1.0
260	288	1.0
260	289	1.0
260	290	1.0
260	291	1.0
260	440	1.0
260	441	1.0
260	442	1.0
260	855	1.0
260	856	1.0
260	857	1.0
261	262	1.0
261	263	1.0
261	285	1.0
261	286	1.0
261	287	1.0
261	288	1.0
261	289	1.0
261	290	1.0
261	291	1.0
261	440	1.0
261	441	1.0
261	442	1.0
261	855	1.0
261	856	1.0
261	857	1.0
262	263	1.0
262	285	1.0
262	286	1.0
262	287	1.0
262	288	1.0
262	289	1.0
262	290	1.0
262	291	1.0
262	440	1.0
262	441	1.0
262	442	1.0
262	855	1.0
262	856	1.0
262	857	1.0
263	285	1.0
263	286	1.0
263	287	1.0
263	288	1.0
263	289	1.0
263	290	1.0
263	291	1.0
263	440	1.0
263	441	1.0
263	442	1.0
263	855	1.0
263	856	1.0
263	857	1.0
264	815	1.0
264	867	1.0
264	265	1.0
265	279	1.0
266	844	1.0
267	268	1.0
269	657	1.0
269	789	1.0
269	790	1.0
269	791	1.0
273	610	1.0
274	415	1.0
274	493	1.0
274	597	1.0
275	634	1.0
275	400	1.0
275	401	1.0
275	306	1.0
277	307	1.0
277	537	1.0
277	538	1.0
277	540	1.0
277	477	1.0
277	560	1.0
277	488	1.0
277	683	1.0
277	684	1.0
277	685	1.0
277	732	1.0
277	598	1.0
277	295	1.0
277	633	1.0
277	463	2.0
277	735	1.0
280	281	1.0
280	282	1.0
281	282	1.0
282	573	1.0
282	574	1.0
282	575	1.0
282	872	1.0
285	286	1.0
285	287	1.0
285	288	1.0
285	289	1.0
285	290	1.0
285	291	1.0
285	440	1.0
285	441	1.0
285	442	1.0
285	855	1.0
285	856	1.0
285	857	1.0
286	287	1.0
286	288	1.0
286	289	1.0
286	290	1.0
286	291	1.0
286	440	1.0
286	441	1.0
286	442	1.0
286	855	1.0
286	856	1.0
286	857	1.0
287	288	1.0
287	289	1.0
287	290	1.0
287	291	1.0
287	440	1.0
287	441	1.0
287	442	1.0
287	855	1.0
287	856	1.0
287	857	1.0
287	589	1.0
287	616	1.0
287	709	1.0
287	710	1.0
287	782	1.0
287	783	1.0
288	289	1.0
288	290	1.0
288	291	1.0
288	440	1.0
288	441	1.0
288	442	1.0
288	855	1.0
288	856	1.0
288	857	1.0
289	290	1.0
289	291	1.0
289	440	1.0
289	441	1.0
289	442	1.0
289	855	1.0
289	856	1.0
289	857	1.0
290	291	1.0
290	440	1.0
290	441	1.0
290	442	1.0
290	855	1.0
290	856	1.0
290	857	1.0
291	440	1.0
291	441	1.0
291	442	1.0
291	855	1.0
291	856	1.0
291	857	1.0
292	293	1.0
292	294	1.0
293	294	1.0
295	785	1.0
295	598	1.0
295	633	1.0
296	338	1.0
298	299	1.0
298	300	1.0
298	301	1.0
298	515	1.0
299	300	1.0
299	301	1.0
300	301	1.0
304	456	1.0
305	306	6.0
305	694	1.0
306	634	1.0
306	400	1.0
306	401	1.0
308	465	1.0
309	310	1.0
312	581	1.0
314	315	4.0
314	668	2.0
315	668	2.0
315	523	1.0
315	594	1.0
315	434	1.0
315	324	1.0
316	317	1.0
318	500	1.0
318	501	1.0
318	728	1.0
318	729	1.0
318	730	1.0
319	362	1.0
319	427	1.0
319	428	1.0
320	321	1.0
324	434	1.0
326	513	1.0
328	329	2.0
328	553	2.0
328	570	2.0
329	553	1.0
329	570	1.0
330	331	1.0
332	333	2.0
332	706	1.0
333	706	2.0
335	336	1.0
337	447	1.0
337	613	1.0
337	775	1.0
339	340	1.0
341	360	1.0
341	367	1.0
341	846	1.0
341	847	1.0
344	688	2.0
344	868	2.0
346	347	1.0
346	363	1.0
346	364	1.0
346	365	1.0
346	769	1.0
347	363	1.0
347	364	1.0
347	365	1.0
347	769	1.0
348	435	1.0
348	436	2.0
348	454	2.0
348	399	1.0
348	732	1.0
352	353	1.0
356	784	1.0
357	358	1.0
360	437	1.0
362	427	1.0
362	428	1.0
363	364	1.0
363	365	1.0
363	769	1.0
364	365	1.0
364	769	1.0
365	769	1.0
367	866	2.0
367	469	1.0
367	846	1.0
367	847	1.0
375	561	1.0
377	378	1.0
377	379	1.0
377	380	1.0
377	381	1.0
377	382	1.0
377	396	2.0
377	397	2.0
377	398	2.0
377	406	1.0
377	407	2.0
377	408	2.0
377	409	1.0
377	417	2.0
377	471	1.0
377	483	1.0
377	491	1.0
377	531	1.0
377	532	1.0
377	533	1.0
377	534	1.0
377	563	1.0
378	379	1.0
378	380	1.0
378	381	1.0
378	382	1.0
378	396	2.0
378	397	2.0
378	398	2.0
378	406	1.0
378	407	2.0
378	408	2.0
378	409	1.0
378	417	2.0
378	471	1.0
378	483	1.0
378	491	1.0
378	531	1.0
378	532	1.0
378	533	1.0
378	534	1.0
378	563	1.0
379	380	1.0
379	381	1.0
379	382	1.0
379	396	2.0
379	397	2.0
379	398	2.0
379	406	1.0
379	407	2.0
379	408	2.0
379	409	1.0
379	417	2.0
379	471	1.0
379	483	1.0
379	491	1.0
379	531	1.0
379	532	1.0
379	533	1.0
379	534	1.0
379	563	1.0
380	381	1.0
380	382	1.0
380	396	2.0
380	397	2.0
380	398	2.0
380	406	1.0
380	407	2.0
380	408	2.0
380	409	1.0
380	417	2.0
380	471	1.0
380	483	1.0
380	491	1.0
380	531	1.0
380	532	1.0
380	533	1.0
380	534	1.0
380	563	1.0
381	382	1.0
381	396	2.0
381	397	2.0
381	398	2.0
381	406	1.0
381	407	2.0
381	408	2.0
381	409	1.0
381	417	2.0
381	471	1.0
381	483	1.0
381	491	1.0
381	531	1.0
381	532	1.0
381	533	1.0
381	534	1.0
381	563	1.0
382	396	2.0
382	397	2.0
382	398	2.0
382	406	1.0
382	407	2.0
382	408	2.0
382	409	1.0
382	417	2.0
382	471	1.0
382	483	1.0
382	491	1.0
382	531	1.0
382	532	1.0
382	533	1.0
382	534	1.0
382	563	1.0
383	384	1.0
386	445	1.0
387	598	1.0
387	725	1.0
387	726	1.0
387	727	1.0
388	439	1.0
388	526	1.0
388	527	1.0
388	528	1.0
389	390	1.0
389	473	1.0
390	473	1.0
391	817	1.0
396	397	4.0
396	398	4.0
396	406	2.0
396	407	4.0
396	408	4.0
396	409	2.0
396	417	4.0
396	471	2.0
396	483	2.0
396	491	2.0
396	531	2.0
396	532	2.0
396	533	2.0
396	534	2.0
396	563	2.0
397	398	4.0
397	406	2.0
397	407	4.0
397	408	4.0
397	409	2.0
397	417	4.0
397	471	2.0
397	483	2.0
397	491	2.0
397	531	2.0
397	532	2.0
397	533	2.0
397	534	2.0
397	563	2.0
398	406	2.0
398	407	4.0
398	408	4.0
398	409	2.0
398	417	4.0
398	471	2.0
398	483	2.0
398	491	2.0
398	531	2.0
398	532	2.0
398	533	2.0
398	534	2.0
398	563	2.0
399	435	1.0
399	436	2.0
399	454	2.0
399	732	1.0
399	524	1.0
399	566	1.0
399	642	1.0
399	484	1.0
400	401	2.0
400	634	1.0
401	634	1.0
402	403	1.0
404	405	1.0
406	407	2.0
406	408	2.0
406	409	1.0
406	417	2.0
406	471	1.0
406	483	1.0
406	491	1.0
406	531	1.0
406	532	1.0
406	533	1.0
406	534	1.0
406	563	1.0
407	408	4.0
407	409	2.0
407	417	4.0
407	471	2.0
407	483	2.0
407	491	2.0
407	531	2.0
407	532	2.0
407	533	2.0
407	534	2.0
407	563	2.0
408	409	2.0
408	417	4.0
408	471	2.0
408	483	2.0
408	491	2.0
408	531	2.0
408	532	2.0
408	533	2.0
408	534	2.0
408	563	2.0
409	417	2.0
409	471	1.0
409	483	1.0
409	491	1.0
409	531	1.0
409	532	1.0
409	533	1.0
409	534	1.0
409	563	1.0
415	493	1.0
415	597	1.0
415	650	1.0
415	651	1.0
415	652	1.0
415	653	1.0
415	654	1.0
417	471	2.0
417	483	2.0
417	491	2.0
417	531	2.0
417	532	2.0
417	533	2.0
417	534	2.0
417	563	2.0
418	419	1.0
418	420	1.0
419	420	1.0
427	428	1.0
429	819	1.0
429	820	1.0
429	821	1.0
430	578	1.0
430	579	1.0
432	489	1.0
433	580	1.0
433	486	1.0
434	503	1.0
434	516	1.0
435	436	2.0
435	454	2.0
435	732	1.0
435	550	1.0
435	673	1.0
436	454	4.0
436	732	2.0
439	526	1.0
439	527	1.0
439	528	1.0
440	441	1.0
440	442	1.0
440	855	1.0
440	856	1.0
440	857	1.0
441	442	1.0
441	855	1.0
441	856	1.0
441	857	1.0
442	855	1.0
442	856	1.0
442	857	1.0
443	444	1.0
447	454	1.0
447	613	2.0
447	775	1.0
448	449	1.0
448	450	1.0
448	451	1.0
449	450	1.0
449	451	1.0
450	451	1.0
450	519	1.0
450	520	1.0
450	864	1.0
450	865	1.0
451	626	1.0
454	732	2.0
454	613	1.0
459	460	2.0
459	792	1.0
459	793	1.0
460	792	2.0
460	793	2.0
460	503	1.0
463	735	2.0
464	465	1.0
464	466	1.0
464	467	1.0
465	466	1.0
465	467	1.0
466	467	1.0
471	483	1.0
471	491	1.0
471	531	1.0
471	532	1.0
471	533	1.0
471	534	1.0
471	563	1.0
472	490	1.0
472	796	1.0
474	655	1.0
474	675	1.0
475	476	1.0
476	514	1.0
476	539	1.0
477	560	1.0
483	491	1.0
483	531	1.0
483	532	1.0
483	533	1.0
483	534	1.0
483	563	1.0
486	580	1.0
488	683	1.0
488	684	1.0
488	685	1.0
490	796	1.0
491	531	1.0
491	532	1.0
491	533	1.0
491	534	1.0
491	563	1.0
492	850	1.0
493	597	1.0
494	495	1.0
494	496	1.0
495	496	1.0
500	501	1.0
500	728	1.0
500	729	1.0
500	730	1.0
501	728	1.0
501	729	1.0
501	730	1.0
504	813	1.0
506	802	1.0
506	803	1.0
506	804	1.0
514	539	1.0
515	611	1.0
517	518	1.0
519	520	1.0
519	669	1.0
519	670	1.0
523	594	1.0
526	527	1.0
526	528	1.0
527	528	1.0
529	530	1.0
531	532	1.0
531	533	1.0
531	534	1.0
531	563	1.0
532	533	1.0
532	534	1.0
532	563	1.0
533	534	1.0
533	563	1.0
534	563	1.0
537	538	1.0
537	625	1.0
541	542	1.0
543	544	1.0
545	546	1.0
545	547	1.0
545	777	1.0
545	778	1.0
545	779	1.0
545	780	1.0
545	781	1.0
545	819	1.0
545	720	1.0
545	892	1.0
546	547	1.0
550	673	1.0
551	552	1.0
551	853	1.0
552	853	1.0
553	570	1.0
555	556	1.0
557	703	1.0
558	559	1.0
561	715	1.0
561	736	1.0
561	737	1.0
561	710	1.0
561	764	1.0
573	574	1.0
573	575	1.0
574	575	1.0
576	760	1.0
578	579	1.0
582	583	1.0
582	584	1.0
582	585	1.0
582	586	1.0
583	584	1.0
583	585	1.0
583	586	1.0
584	585	1.0
584	586	1.0
585	586	1.0
590	591	1.0
590	592	1.0
591	592	1.0
595	596	1.0
597	826	1.0
597	827	1.0
597	828	1.0
597	871	1.0
598	633	1.0
598	725	1.0
598	726	1.0
598	727	1.0
603	773	1.0
604	605	2.0
604	606	2.0
604	607	2.0
605	606	2.0
605	607	2.0
606	607	2.0
613	775	1.0
616	709	1.0
616	710	1.0
616	782	1.0
616	783	1.0
620	759	1.0
623	624	1.0
630	631	1.0
630	632	1.0
630	633	1.0
630	634	1.0
630	635	1.0
630	636	1.0
630	637	1.0
630	638	1.0
630	655	1.0
630	712	1.0
630	713	1.0
630	714	1.0
631	632	1.0
631	633	1.0
631	634	1.0
631	635	1.0
631	636	1.0
631	637	1.0
631	638	1.0
631	655	1.0
631	712	1.0
631	713	1.0
631	714	1.0
632	633	1.0
632	634	1.0
632	635	1.0
632	636	1.0
632	637	1.0
632	638	1.0
632	655	1.0
632	712	1.0
632	713	1.0
632	714	1.0
633	634	1.0
633	635	1.0
633	636	1.0
633	637	1.0
633	638	1.0
633	655	1.0
633	712	1.0
633	713	1.0
633	714	1.0
634	635	1.0
634	636	1.0
634	637	1.0
634	638	1.0
634	655	1.0
634	712	1.0
634	713	1.0
634	714	1.0
635	636	1.0
635	637	1.0
635	638	1.0
635	655	1.0
635	712	1.0
635	713	1.0
635	714	1.0
636	637	1.0
636	638	1.0
636	655	1.0
636	712	1.0
636	713	1.0
636	714	1.0
637	638	1.0
637	655	1.0
637	712	1.0
637	713	1.0
637	714	1.0
638	655	1.0
638	712	1.0
638	713	1.0
638	714	1.0
644	645	1.0
644	646	1.0
644	647	1.0
645	646	1.0
645	647	1.0
646	647	1.0
650	651	1.0
650	652	1.0
650	653	1.0
650	654	1.0
651	652	1.0
651	653	1.0
651	654	1.0
652	653	1.0
652	654	1.0
653	654	1.0
655	675	1.0
655	843	1.0
655	712	1.0
655	713	1.0
655	714	1.0
658	674	1.0
658	758	1.0
659	660	1.0
661	662	1.0
663	664	1.0
663	665	1.0
664	665	1.0
666	697	1.0
666	698	1.0
669	670	1.0
672	681	1.0
672	686	1.0
672	687	1.0
674	758	1.0
678	679	1.0
681	686	1.0
681	687	1.0
683	684	1.0
683	685	1.0
684	685	1.0
686	687	1.0
688	868	1.0
689	798	1.0
690	691	1.0
697	698	1.0
698	876	1.0
698	877	1.0
698	878	1.0
699	700	1.0
699	701	1.0
700	701	1.0
704	705	1.0
704	869	1.0
704	870	1.0
705	869	1.0
705	870	1.0
709	710	1.0
709	782	1.0
709	783	1.0
710	782	1.0
710	783	1.0
710	736	1.0
710	737	1.0
712	713	1.0
712	714	1.0
713	714	1.0
719	794	1.0
720	721	1.0
720	777	1.0
720	778	1.0
720	779	1.0
720	780	1.0
720	781	1.0
720	819	1.0
720	892	1.0
725	726	1.0
725	727	1.0
726	727	1.0
728	729	1.0
728	730	1.0
729	730	1.0
733	734	1.0
736	737	1.0
744	745	1.0
748	749	1.0
752	801	1.0
755	845	1.0
756	757	1.0
766	767	1.0
770	771	1.0
770	772	1.0
771	772	1.0
777	778	1.0
777	779	1.0
777	780	1.0
777	781	1.0
777	819	1.0
777	892	1.0
778	779	1.0
778	780	1.0
778	781	1.0
778	819	1.0
778	892	1.0
779	780	1.0
779	781	1.0
779	819	1.0
779	892	1.0
780	781	1.0
780	819	1.0
780	892	1.0
781	819	1.0
781	892	1.0
782	783	1.0
789	790	1.0
789	791	1.0
790	791	1.0
792	793	1.0
799	800	1.0
802	803	1.0
802	804	1.0
803	804	1.0
805	806	1.0
805	807	1.0
806	807	1.0
815	867	1.0
816	863	1.0
819	820	1.0
819	821	1.0
819	892	1.0
820	821	1.0
823	824	1.0
826	827	1.0
826	828	1.0
826	871	1.0
827	828	1.0
827	871	1.0
828	871	1.0
831	832	1.0
831	833	1.0
831	834	1.0
831	835	1.0
831	836	1.0
831	837	1.0
831	838	1.0
831	839	1.0
832	833	1.0
832	834	1.0
832	835	1.0
832	836	1.0
832	837	1.0
832	838	1.0
832	839	1.0
833	834	1.0
833	835	1.0
833	836	1.0
833	837	1.0
833	838	1.0
833	839	1.0
834	835	1.0
834	836	1.0
834	837	1.0
834	838	1.0
834	839	1.0
835	836	1.0
835	837	1.0
835	838	1.0
835	839	1.0
836	837	1.0
836	838	1.0
836	839	1.0
837	838	1.0
837	839	1.0
838	839	1.0
846	847	1.0
848	849	1.0
855	856	1.0
855	857	1.0
856	857	1.0
858	859	1.0
860	861	1.0
860	887	1.0
860	888	1.0
861	887	1.0
861	888	1.0
864	865	1.0
869	870	1.0
873	874	1.0
873	875	1.0
874	875	1.0
876	877	1.0
876	878	1.0
877	878	1.0
879	880	1.0
882	883	1.0
885	886	1.0
887	888	1.0
