source	target	weight
0	1	1.0
0	2	1.0
1	2	1.0
2	5	3.0
2	6	1.0
2	8	4.0
2	9	4.0
2	10	4.0
2	11	9.0
2	12	4.0
2	13	4.0
2	14	4.0
2	57	10.0
2	325	4.0
2	18	4.0
2	3	89.0
2	19	2.0
2	21	1.0
2	77	1.0
2	35	1.0
2	36	1.0
2	37	1.0
2	60	9.0
2	46	8.0
2	47	4.0
2	48	1.0
2	49	1.0
2	50	3.0
2	51	1.0
2	58	1.0
2	65	1.0
2	66	2.0
2	68	1.0
2	73	1.0
2	105	1.0
2	74	1.0
2	240	1.0
2	132	1.0
2	213	1.0
2	20	7.0
2	70	1.0
2	106	1.0
2	107	1.0
2	43	1.0
2	136	1.0
2	172	1.0
2	209	1.0
2	210	1.0
2	121	1.0
2	119	1.0
2	120	1.0
2	129	1.0
2	130	1.0
2	140	1.0
2	145	5.0
2	146	2.0
2	124	3.0
2	147	1.0
2	149	1.0
2	54	2.0
2	153	1.0
2	155	1.0
2	156	1.0
2	157	1.0
2	138	2.0
2	164	1.0
2	158	1.0
2	160	1.0
2	161	1.0
2	168	1.0
2	184	1.0
2	253	1.0
2	186	1.0
2	200	1.0
2	143	1.0
2	296	2.0
2	69	3.0
2	198	1.0
2	207	1.0
2	208	5.0
2	219	1.0
2	271	1.0
2	211	1.0
2	221	1.0
2	229	4.0
2	300	2.0
2	301	2.0
2	199	3.0
2	285	2.0
2	286	2.0
2	309	2.0
2	310	2.0
2	311	2.0
2	55	2.0
2	223	1.0
2	265	1.0
2	275	1.0
2	278	1.0
2	279	1.0
2	289	1.0
2	412	1.0
2	446	1.0
2	307	1.0
2	15	3.0
2	314	1.0
2	327	1.0
2	431	1.0
2	336	1.0
2	337	1.0
2	338	1.0
2	341	1.0
2	379	1.0
2	358	1.0
2	359	1.0
2	387	1.0
2	388	1.0
2	389	1.0
2	398	1.0
2	322	2.0
2	425	1.0
2	241	1.0
2	395	1.0
2	426	1.0
2	427	1.0
2	430	1.0
2	433	1.0
2	434	1.0
3	15	2.0
3	19	2.0
3	20	9.0
3	185	1.0
3	45	1.0
3	47	4.0
3	54	5.0
3	55	2.0
3	166	1.0
3	16	1.0
3	56	1.0
3	57	8.0
3	80	1.0
3	67	5.0
3	59	1.0
3	60	11.0
3	61	1.0
3	65	1.0
3	66	2.0
3	68	1.0
3	69	2.0
3	73	1.0
3	105	1.0
3	93	1.0
3	5	2.0
3	70	1.0
3	113	2.0
3	125	1.0
3	136	1.0
3	172	1.0
3	209	1.0
3	210	1.0
3	117	1.0
3	119	1.0
3	120	1.0
3	121	1.0
3	137	2.0
3	444	2.0
3	140	1.0
3	149	3.0
3	50	3.0
3	153	1.0
3	155	1.0
3	156	1.0
3	223	3.0
3	159	1.0
3	138	2.0
3	162	1.0
3	165	1.0
3	184	1.0
3	253	1.0
3	177	1.0
3	183	1.0
3	143	1.0
3	198	1.0
3	168	1.0
3	199	3.0
3	175	1.0
3	176	2.0
3	207	1.0
3	208	4.0
3	145	2.0
3	219	1.0
3	271	1.0
3	77	1.0
3	275	1.0
3	132	1.0
3	213	1.0
3	217	1.0
3	220	1.0
3	221	1.0
3	46	7.0
3	229	4.0
3	300	2.0
3	301	2.0
3	23	1.0
3	24	1.0
3	25	1.0
3	26	1.0
3	27	1.0
3	28	1.0
3	29	1.0
3	30	1.0
3	31	1.0
3	32	1.0
3	84	1.0
3	85	1.0
3	86	1.0
3	87	1.0
3	88	1.0
3	89	1.0
3	90	1.0
3	91	1.0
3	234	1.0
3	235	1.0
3	236	1.0
3	237	1.0
3	238	1.0
3	239	1.0
3	242	1.0
3	124	4.0
3	243	1.0
3	256	1.0
3	260	1.0
3	261	1.0
3	262	1.0
3	280	1.0
3	289	1.0
3	412	1.0
3	446	1.0
3	148	1.0
3	290	1.0
3	294	1.0
3	146	1.0
3	295	1.0
3	305	1.0
3	307	1.0
3	285	1.0
3	286	1.0
3	309	1.0
3	310	1.0
3	311	1.0
3	314	1.0
3	317	1.0
3	322	3.0
3	43	1.0
3	21	1.0
3	111	2.0
3	324	1.0
3	327	1.0
3	332	1.0
3	334	1.0
3	335	1.0
3	336	2.0
3	337	1.0
3	338	1.0
3	341	1.0
3	344	1.0
3	354	1.0
3	384	1.0
3	385	1.0
3	387	1.0
3	388	1.0
3	389	1.0
3	391	1.0
3	392	1.0
3	393	1.0
3	395	2.0
3	398	1.0
3	403	1.0
3	134	1.0
3	417	1.0
3	425	1.0
3	241	1.0
3	433	1.0
3	11	1.0
3	434	1.0
3	18	2.0
5	23	1.0
5	24	1.0
5	25	1.0
5	26	1.0
5	27	1.0
5	28	1.0
5	29	1.0
5	30	1.0
5	31	1.0
5	32	1.0
5	84	1.0
5	85	1.0
5	86	1.0
5	87	1.0
5	88	1.0
5	89	1.0
5	90	1.0
5	91	1.0
5	234	1.0
5	235	1.0
5	236	1.0
5	237	1.0
5	238	1.0
5	239	1.0
5	242	1.0
5	124	2.0
5	243	1.0
5	93	1.0
5	145	1.0
5	146	1.0
5	147	1.0
5	370	1.0
5	371	1.0
5	372	1.0
5	373	1.0
5	46	2.0
5	374	1.0
5	358	1.0
5	359	1.0
7	187	1.0
8	9	2.0
8	10	2.0
8	11	4.0
8	12	2.0
8	13	2.0
8	14	2.0
8	57	2.0
8	325	2.0
9	10	2.0
9	11	4.0
9	12	2.0
9	13	2.0
9	14	2.0
9	57	2.0
9	325	2.0
10	11	4.0
10	12	2.0
10	13	2.0
10	14	2.0
10	57	2.0
10	325	2.0
11	12	4.0
11	13	4.0
11	14	4.0
11	57	4.0
11	325	4.0
11	124	1.0
11	433	1.0
11	434	1.0
12	13	2.0
12	14	2.0
12	57	2.0
12	325	2.0
13	14	2.0
13	57	2.0
13	325	2.0
14	57	2.0
14	325	2.0
15	57	1.0
15	314	1.0
16	56	1.0
16	57	1.0
19	57	1.0
19	124	1.0
19	338	1.0
20	70	2.0
20	60	1.0
20	285	1.0
20	145	1.0
20	286	1.0
20	309	1.0
20	310	1.0
20	311	1.0
20	47	2.0
20	140	1.0
20	188	1.0
20	149	1.0
20	192	1.0
20	193	1.0
20	136	1.0
20	172	1.0
20	209	1.0
20	210	1.0
20	429	1.0
21	77	2.0
21	322	1.0
21	43	1.0
21	208	1.0
22	83	1.0
23	24	1.0
23	25	1.0
23	26	1.0
23	27	1.0
23	28	1.0
23	29	1.0
23	30	1.0
23	31	1.0
23	32	1.0
23	84	1.0
23	85	1.0
23	86	1.0
23	87	1.0
23	88	1.0
23	89	1.0
23	90	1.0
23	91	1.0
23	234	1.0
23	235	1.0
23	236	1.0
23	237	1.0
23	238	1.0
23	239	1.0
23	242	1.0
23	124	1.0
23	243	1.0
24	25	1.0
24	26	1.0
24	27	1.0
24	28	1.0
24	29	1.0
24	30	1.0
24	31	1.0
24	32	1.0
24	84	1.0
24	85	1.0
24	86	1.0
24	87	1.0
24	88	1.0
24	89	1.0
24	90	1.0
24	91	1.0
24	234	1.0
24	235	1.0
24	236	1.0
24	237	1.0
24	238	1.0
24	239	1.0
24	242	1.0
24	124	1.0
24	243	1.0
25	26	1.0
25	27	1.0
25	28	1.0
25	29	1.0
25	30	1.0
25	31	1.0
25	32	1.0
25	84	1.0
25	85	1.0
25	86	1.0
25	87	1.0
25	88	1.0
25	89	1.0
25	90	1.0
25	91	1.0
25	234	1.0
25	235	1.0
25	236	1.0
25	237	1.0
25	238	1.0
25	239	1.0
25	242	1.0
25	124	1.0
25	243	1.0
26	27	1.0
26	28	1.0
26	29	1.0
26	30	1.0
26	31	1.0
26	32	1.0
26	84	1.0
26	85	1.0
26	86	1.0
26	87	1.0
26	88	1.0
26	89	1.0
26	90	1.0
26	91	1.0
26	234	1.0
26	235	1.0
26	236	1.0
26	237	1.0
26	238	1.0
26	239	1.0
26	242	1.0
26	124	1.0
26	243	1.0
27	28	1.0
27	29	1.0
27	30	1.0
27	31	1.0
27	32	1.0
27	84	1.0
27	85	1.0
27	86	1.0
27	87	1.0
27	88	1.0
27	89	1.0
27	90	1.0
27	91	1.0
27	234	1.0
27	235	1.0
27	236	1.0
27	237	1.0
27	238	1.0
27	239	1.0
27	242	1.0
27	124	1.0
27	243	1.0
28	29	1.0
28	30	1.0
28	31	1.0
28	32	1.0
28	84	1.0
28	85	1.0
28	86	1.0
28	87	1.0
28	88	1.0
28	89	1.0
28	90	1.0
28	91	1.0
28	234	1.0
28	235	1.0
28	236	1.0
28	237	1.0
28	238	1.0
28	239	1.0
28	242	1.0
28	124	1.0
28	243	1.0
29	30	1.0
29	31	1.0
29	32	1.0
29	84	1.0
29	85	1.0
29	86	1.0
29	87	1.0
29	88	1.0
29	89	1.0
29	90	1.0
29	91	1.0
29	234	1.0
29	235	1.0
29	236	1.0
29	237	1.0
29	238	1.0
29	239	1.0
29	242	1.0
29	124	1.0
29	243	1.0
30	31	1.0
30	32	1.0
30	84	1.0
30	85	1.0
30	86	1.0
30	87	1.0
30	88	1.0
30	89	1.0
30	90	1.0
30	91	1.0
30	234	1.0
30	235	1.0
30	236	1.0
30	237	1.0
30	238	1.0
30	239	1.0
30	242	1.0
30	124	1.0
30	243	1.0
31	32	1.0
31	84	1.0
31	85	1.0
31	86	1.0
31	87	1.0
31	88	1.0
31	89	1.0
31	90	1.0
31	91	1.0
31	234	1.0
31	235	1.0
31	236	1.0
31	237	1.0
31	238	1.0
31	239	1.0
31	242	1.0
31	124	1.0
31	243	1.0
32	84	1.0
32	85	1.0
32	86	1.0
32	87	1.0
32	88	1.0
32	89	1.0
32	90	1.0
32	91	1.0
32	234	1.0
32	235	1.0
32	236	1.0
32	237	1.0
32	238	1.0
32	239	1.0
32	242	1.0
32	124	1.0
32	243	1.0
34	131	1.0
34	132	1.0
34	60	1.0
34	50	1.0
35	36	1.0
35	37	1.0
36	37	1.0
39	114	2.0
39	115	2.0
39	345	1.0
39	346	1.0
39	347	1.0
39	348	1.0
39	349	1.0
39	394	1.0
40	41	1.0
40	42	1.0
41	42	1.0
43	60	1.0
43	322	1.0
43	208	1.0
44	323	1.0
46	221	1.0
46	229	4.0
46	300	2.0
46	301	2.0
46	199	2.0
46	328	1.0
46	329	1.0
46	330	1.0
46	358	1.0
46	359	1.0
46	370	1.0
46	371	1.0
46	372	1.0
46	373	1.0
46	374	1.0
46	134	1.0
46	417	1.0
46	441	1.0
47	136	1.0
47	172	1.0
47	209	1.0
47	210	1.0
47	384	1.0
47	336	1.0
47	385	1.0
47	285	1.0
47	145	1.0
47	286	1.0
47	309	1.0
47	310	1.0
47	311	1.0
48	49	1.0
48	50	1.0
48	51	1.0
49	50	1.0
49	51	1.0
50	51	1.0
50	123	1.0
50	124	1.0
50	149	1.0
50	60	1.0
51	241	1.0
52	127	1.0
52	141	1.0
52	142	1.0
52	152	1.0
53	110	1.0
53	386	1.0
54	55	2.0
54	166	1.0
54	67	1.0
54	153	1.0
54	60	1.0
54	113	1.0
54	69	1.0
55	166	1.0
55	223	1.0
55	60	1.0
56	57	1.0
57	197	1.0
57	65	1.0
57	66	1.0
57	71	1.0
57	72	1.0
57	119	1.0
57	120	1.0
57	171	1.0
57	190	1.0
57	314	1.0
57	325	2.0
57	60	1.0
57	341	1.0
60	61	1.0
60	70	1.0
60	140	1.0
60	326	1.0
60	155	1.0
60	156	1.0
60	246	1.0
60	207	1.0
60	208	2.0
60	145	1.0
60	219	1.0
60	271	1.0
60	66	1.0
60	149	1.0
60	198	1.0
60	364	1.0
60	365	1.0
60	366	1.0
60	367	1.0
60	111	1.0
60	324	1.0
60	341	1.0
60	343	1.0
60	395	1.0
63	64	1.0
65	66	1.0
66	208	1.0
67	80	1.0
67	282	1.0
67	283	1.0
67	149	1.0
67	334	1.0
67	342	1.0
69	198	1.0
69	296	1.0
71	72	1.0
73	105	1.0
74	240	1.0
75	76	2.0
75	81	1.0
75	82	1.0
75	97	1.0
75	101	2.0
75	118	1.0
75	126	1.0
75	133	1.0
75	139	1.0
75	144	1.0
75	154	1.0
75	189	1.0
75	191	1.0
75	245	1.0
75	257	1.0
75	259	1.0
75	270	1.0
75	277	1.0
75	281	1.0
75	284	1.0
76	81	2.0
76	82	2.0
76	97	2.0
76	101	4.0
76	118	2.0
76	126	2.0
76	133	2.0
76	139	2.0
76	144	2.0
76	154	2.0
76	189	2.0
76	191	2.0
76	245	2.0
76	257	2.0
76	259	2.0
76	270	2.0
76	277	2.0
76	281	2.0
76	284	2.0
77	258	1.0
77	420	1.0
78	79	1.0
81	82	1.0
81	97	1.0
81	101	2.0
81	118	1.0
81	126	1.0
81	133	1.0
81	139	1.0
81	144	1.0
81	154	1.0
81	189	1.0
81	191	1.0
81	245	1.0
81	257	1.0
81	259	1.0
81	270	1.0
81	277	1.0
81	281	1.0
81	284	1.0
82	97	1.0
82	101	2.0
82	118	1.0
82	126	1.0
82	133	1.0
82	139	1.0
82	144	1.0
82	154	1.0
82	189	1.0
82	191	1.0
82	245	1.0
82	257	1.0
82	259	1.0
82	270	1.0
82	277	1.0
82	281	1.0
82	284	1.0
84	85	1.0
84	86	1.0
84	87	1.0
84	88	1.0
84	89	1.0
84	90	1.0
84	91	1.0
84	234	1.0
84	235	1.0
84	236	1.0
84	237	1.0
84	238	1.0
84	239	1.0
84	242	1.0
84	124	1.0
84	243	1.0
85	86	1.0
85	87	1.0
85	88	1.0
85	89	1.0
85	90	1.0
85	91	1.0
85	234	1.0
85	235	1.0
85	236	1.0
85	237	1.0
85	238	1.0
85	239	1.0
85	242	1.0
85	124	1.0
85	243	1.0
86	87	1.0
86	88	1.0
86	89	1.0
86	90	1.0
86	91	1.0
86	234	1.0
86	235	1.0
86	236	1.0
86	237	1.0
86	238	1.0
86	239	1.0
86	242	1.0
86	124	1.0
86	243	1.0
87	88	1.0
87	89	1.0
87	90	1.0
87	91	1.0
87	234	1.0
87	235	1.0
87	236	1.0
87	237	1.0
87	238	1.0
87	239	1.0
87	242	1.0
87	124	1.0
87	243	1.0
88	89	1.0
88	90	1.0
88	91	1.0
88	234	1.0
88	235	1.0
88	236	1.0
88	237	1.0
88	238	1.0
88	239	1.0
88	242	1.0
88	124	1.0
88	243	1.0
89	90	1.0
89	91	1.0
89	234	1.0
89	235	1.0
89	236	1.0
89	237	1.0
89	238	1.0
89	239	1.0
89	242	1.0
89	124	1.0
89	243	1.0
90	91	1.0
90	234	1.0
90	235	1.0
90	236	1.0
90	237	1.0
90	238	1.0
90	239	1.0
90	242	1.0
90	124	1.0
90	243	1.0
91	234	1.0
91	235	1.0
91	236	1.0
91	237	1.0
91	238	1.0
91	239	1.0
91	242	1.0
91	124	1.0
91	243	1.0
94	95	1.0
94	96	1.0
95	96	1.0
96	304	1.0
96	383	1.0
97	101	2.0
97	118	1.0
97	126	1.0
97	133	1.0
97	139	1.0
97	144	1.0
97	154	1.0
97	189	1.0
97	191	1.0
97	245	1.0
97	257	1.0
97	259	1.0
97	270	1.0
97	277	1.0
97	281	1.0
97	284	1.0
98	122	1.0
99	100	1.0
101	118	2.0
101	126	2.0
101	133	2.0
101	139	2.0
101	144	2.0
101	154	2.0
101	189	2.0
101	191	2.0
101	245	2.0
101	257	2.0
101	259	2.0
101	270	2.0
101	277	2.0
101	281	2.0
101	284	2.0
102	103	1.0
102	104	1.0
102	128	1.0
102	226	1.0
102	227	1.0
102	228	1.0
103	104	1.0
103	128	1.0
103	226	1.0
103	227	1.0
103	228	1.0
104	128	1.0
104	226	1.0
104	227	1.0
104	228	1.0
106	107	1.0
108	109	1.0
110	386	1.0
111	112	1.0
111	324	1.0
113	125	1.0
113	222	1.0
114	115	4.0
114	345	2.0
114	346	2.0
114	347	2.0
114	348	2.0
114	349	2.0
114	394	2.0
115	345	2.0
115	346	2.0
115	347	2.0
115	348	2.0
115	349	2.0
115	394	2.0
118	126	1.0
118	133	1.0
118	139	1.0
118	144	1.0
118	154	1.0
118	189	1.0
118	191	1.0
118	245	1.0
118	257	1.0
118	259	1.0
118	270	1.0
118	277	1.0
118	281	1.0
118	284	1.0
119	120	1.0
123	124	1.0
124	145	1.0
124	146	1.0
124	147	1.0
124	234	1.0
124	235	1.0
124	236	1.0
124	237	1.0
124	238	1.0
124	239	1.0
124	242	1.0
124	243	1.0
124	338	1.0
124	354	1.0
124	433	1.0
124	434	1.0
126	133	1.0
126	139	1.0
126	144	1.0
126	154	1.0
126	189	1.0
126	191	1.0
126	245	1.0
126	257	1.0
126	259	1.0
126	270	1.0
126	277	1.0
126	281	1.0
126	284	1.0
127	141	1.0
127	142	1.0
127	152	1.0
128	405	1.0
128	226	1.0
128	227	1.0
128	228	1.0
131	132	1.0
132	213	1.0
133	139	1.0
133	144	1.0
133	154	1.0
133	189	1.0
133	191	1.0
133	245	1.0
133	257	1.0
133	259	1.0
133	270	1.0
133	277	1.0
133	281	1.0
133	284	1.0
134	417	1.0
136	172	1.0
136	209	1.0
136	210	1.0
137	148	1.0
137	290	1.0
138	157	1.0
138	164	1.0
138	178	1.0
138	202	1.0
138	203	1.0
138	204	1.0
139	144	1.0
139	154	1.0
139	189	1.0
139	191	1.0
139	245	1.0
139	257	1.0
139	259	1.0
139	270	1.0
139	277	1.0
139	281	1.0
139	284	1.0
140	350	1.0
140	351	1.0
140	352	1.0
141	142	1.0
141	152	1.0
142	152	1.0
144	154	1.0
144	189	1.0
144	191	1.0
144	245	1.0
144	257	1.0
144	259	1.0
144	270	1.0
144	277	1.0
144	281	1.0
144	284	1.0
145	146	2.0
145	147	1.0
145	158	1.0
145	207	1.0
145	208	1.0
145	219	1.0
145	271	1.0
145	285	1.0
145	286	1.0
145	309	1.0
145	310	1.0
145	311	1.0
146	147	1.0
146	158	1.0
146	295	1.0
148	290	1.0
149	188	1.0
149	334	1.0
150	151	1.0
150	180	1.0
150	181	1.0
151	180	1.0
151	181	1.0
154	189	1.0
154	191	1.0
154	245	1.0
154	257	1.0
154	259	1.0
154	270	1.0
154	277	1.0
154	281	1.0
154	284	1.0
155	156	1.0
157	164	1.0
160	161	1.0
163	251	1.0
172	209	1.0
172	210	1.0
173	174	1.0
173	231	1.0
173	233	1.0
174	231	1.0
174	233	1.0
175	176	1.0
176	280	1.0
180	181	1.0
182	276	1.0
184	253	1.0
186	200	1.0
189	191	1.0
189	245	1.0
189	257	1.0
189	259	1.0
189	270	1.0
189	277	1.0
189	281	1.0
189	284	1.0
191	245	1.0
191	257	1.0
191	259	1.0
191	270	1.0
191	277	1.0
191	281	1.0
191	284	1.0
192	193	1.0
194	195	1.0
194	196	1.0
195	196	1.0
198	272	1.0
198	273	1.0
198	357	1.0
198	364	1.0
198	365	1.0
198	366	1.0
198	367	1.0
199	229	2.0
199	300	1.0
199	301	1.0
199	426	1.0
199	427	1.0
199	430	1.0
202	203	1.0
202	204	1.0
203	204	1.0
207	208	1.0
207	219	1.0
207	271	1.0
208	219	1.0
208	271	1.0
208	275	1.0
208	322	1.0
209	210	1.0
219	271	1.0
226	227	1.0
226	228	1.0
227	228	1.0
229	300	2.0
229	301	2.0
231	233	1.0
234	235	1.0
234	236	1.0
234	237	1.0
234	238	1.0
234	239	1.0
234	242	1.0
234	243	1.0
235	236	1.0
235	237	1.0
235	238	1.0
235	239	1.0
235	242	1.0
235	243	1.0
236	237	1.0
236	238	1.0
236	239	1.0
236	242	1.0
236	243	1.0
237	238	1.0
237	239	1.0
237	242	1.0
237	243	1.0
238	239	1.0
238	242	1.0
238	243	1.0
239	242	1.0
239	243	1.0
241	425	1.0
241	322	1.0
242	243	1.0
245	257	1.0
245	259	1.0
245	270	1.0
245	277	1.0
245	281	1.0
245	284	1.0
254	255	1.0
257	259	1.0
257	270	1.0
257	277	1.0
257	281	1.0
257	284	1.0
259	270	1.0
259	277	1.0
259	281	1.0
259	284	1.0
260	261	1.0
260	262	1.0
261	262	1.0
263	264	4.0
266	267	1.0
266	268	1.0
266	269	1.0
267	268	1.0
267	269	1.0
268	269	1.0
270	277	1.0
270	281	1.0
270	284	1.0
272	273	1.0
272	357	1.0
273	357	1.0
277	281	1.0
277	284	1.0
278	279	1.0
281	284	1.0
282	283	1.0
285	286	1.0
285	309	1.0
285	310	1.0
285	311	1.0
286	309	1.0
286	310	1.0
286	311	1.0
287	288	1.0
289	412	1.0
289	446	1.0
297	298	1.0
297	299	1.0
297	416	1.0
298	299	1.0
300	301	1.0
309	310	1.0
309	311	1.0
310	311	1.0
315	316	1.0
318	319	1.0
320	321	1.0
322	404	1.0
322	425	1.0
328	329	1.0
328	330	1.0
329	330	1.0
336	337	1.0
336	384	1.0
336	385	1.0
339	340	1.0
339	368	1.0
339	369	1.0
340	368	1.0
340	369	1.0
345	346	1.0
345	347	1.0
345	348	1.0
345	349	1.0
345	394	1.0
346	347	1.0
346	348	1.0
346	349	1.0
346	394	1.0
347	348	1.0
347	349	1.0
347	394	1.0
348	349	1.0
348	394	1.0
349	394	1.0
350	351	1.0
350	352	1.0
351	352	1.0
358	359	1.0
362	363	1.0
364	365	1.0
364	366	1.0
364	367	1.0
365	366	1.0
365	367	1.0
366	367	1.0
368	369	1.0
370	371	1.0
370	372	1.0
370	373	1.0
370	374	1.0
371	372	1.0
371	373	1.0
371	374	1.0
372	373	1.0
372	374	1.0
373	374	1.0
377	378	1.0
381	382	1.0
384	385	1.0
387	388	1.0
387	389	1.0
388	389	1.0
392	393	1.0
397	399	1.0
400	401	1.0
400	402	1.0
401	402	1.0
406	407	1.0
406	408	1.0
406	409	1.0
406	410	1.0
407	408	1.0
407	409	1.0
407	410	1.0
408	409	1.0
408	410	1.0
409	410	1.0
412	446	1.0
418	419	1.0
422	423	1.0
422	424	1.0
423	424	1.0
426	427	1.0
426	430	1.0
427	430	1.0
433	434	1.0
436	437	1.0
436	438	1.0
436	439	1.0
436	440	1.0
437	438	1.0
437	439	1.0
437	440	1.0
438	439	1.0
438	440	1.0
439	440	1.0
442	443	1.0
